 VARIABLES = "lfpx","lfpy","lfpz","theta","phi","radfp"
 ZONE T="Zone1" I=         746 , F=POINT
 
  0.46938617E+00 -0.10208930E+00  0.29256856E-01  0.15099654E+01  0.60690253E+01  0.48125000E+00
 -0.11199414E+00  0.16024603E+00  0.43975002E+00  0.41833577E+00  0.21807761E+01  0.48125000E+00
 -0.40333093E+00  0.14382893E+00 -0.21963369E+00  0.20447208E+01  0.27990478E+01  0.48125000E+00
  0.29268397E-01 -0.37395519E-01 -0.47890135E+00  0.30427565E+01  0.53764739E+01  0.48125000E+00
 -0.32221807E+00  0.89494463E-01 -0.34607487E+00  0.23733266E+01  0.28706762E+01  0.48125000E+00
  0.36085670E+00 -0.27152575E+00 -0.16630626E+00  0.19236440E+01  0.56381196E+01  0.48125000E+00
 -0.20254334E-01  0.47390752E+00 -0.81258748E-01  0.17404585E+01  0.16135093E+01  0.48125000E+00
 -0.58509499E-01 -0.89592269E-01 -0.46920297E+00  0.29173698E+01  0.41338627E+01  0.48125000E+00
  0.55381635E-01 -0.44710172E+00 -0.16921728E+00  0.19300977E+01  0.48356293E+01  0.48125000E+00
 -0.55207066E-01 -0.46341477E+00  0.11747551E+00  0.13241997E+01  0.45938168E+01  0.48125000E+00
  0.13875859E+00 -0.83844818E-02  0.46073563E+00  0.29303108E+00  0.62228337E+01  0.48125000E+00
  0.44698017E+00 -0.15508257E+00 -0.88089090E-01  0.17548764E+01  0.59492246E+01  0.48125000E+00
 -0.39263048E+00 -0.27664532E+00 -0.30170049E-01  0.16335285E+01  0.37553956E+01  0.48125000E+00
 -0.17045487E+00 -0.30848100E+00  0.32769829E+00  0.82176248E+00  0.42075809E+01  0.48125000E+00
 -0.27761352E+00 -0.88788228E-01 -0.38294771E+00  0.24910173E+01  0.34511384E+01  0.48125000E+00
  0.43976751E+00 -0.13202799E+00 -0.14413436E+00  0.18749648E+01  0.59915246E+01  0.48125000E+00
  0.71502781E-01  0.32924898E+00  0.34363356E+00  0.77553903E+00  0.13569476E+01  0.48125000E+00
 -0.41681220E+00 -0.18661853E+00  0.15179815E+00  0.12498921E+01  0.35625557E+01  0.48125000E+00
  0.23202640E+00  0.72090802E-02 -0.42156060E+00  0.26382396E+01  0.31060094E-01  0.48125000E+00
 -0.24637297E-01 -0.23716853E+00 -0.41802590E+00  0.26232172E+01  0.46088793E+01  0.48125000E+00
 -0.45482505E+00 -0.83328658E-01  0.13338692E+00  0.12899513E+01  0.33227934E+01  0.48125000E+00
 -0.38087242E+00  0.69392340E-01 -0.28587141E+00  0.22068414E+01  0.29613762E+01  0.48125000E+00
 -0.37895654E+00  0.10725325E+00 -0.27656870E+00  0.21830194E+01  0.28657833E+01  0.48125000E+00
 -0.15775194E-01 -0.44788928E+00 -0.17535079E+00  0.19437475E+01  0.46771823E+01  0.48125000E+00
 -0.54405828E-01  0.88151283E-01 -0.46996906E+00  0.29246454E+01  0.21237576E+01  0.48125000E+00
  0.19210309E+00  0.38850455E+00  0.20919412E+00  0.11211033E+01  0.11115840E+01  0.48125000E+00
 -0.27741002E+00  0.54822970E-01  0.38940940E+00  0.62807111E+00  0.29464824E+01  0.48125000E+00
 -0.21588446E+00 -0.60098051E-01 -0.42589164E+00  0.26572251E+01  0.34130991E+01  0.48125000E+00
 -0.87234354E-01 -0.14508317E+00  0.45049151E+00  0.35946186E+00  0.41710352E+01  0.48125000E+00
  0.12268303E-01  0.27054212E+00  0.39781655E+00  0.59770055E+00  0.15254803E+01  0.48125000E+00
 -0.20802516E+00 -0.10389282E+00  0.42134710E+00  0.50427204E+00  0.36047796E+01  0.48125000E+00
 -0.20826961E+00 -0.60197448E-01  0.42965288E+00  0.46730581E+00  0.34229608E+01  0.48125000E+00
 -0.18906936E+00  0.12626170E+00  0.42416073E+00  0.49203579E+00  0.25528015E+01  0.48125000E+00
 -0.24942888E+00  0.26136301E+00 -0.31792480E+00  0.22924446E+01  0.23328348E+01  0.48125000E+00
  0.30859242E+00 -0.92469603E-01  0.35752154E+00  0.73340126E+00  0.59920500E+01  0.48125000E+00
  0.25710495E+00 -0.40657869E+00  0.13870108E-01  0.15419713E+01  0.52762649E+01  0.48125000E+00
 -0.12782574E+00 -0.17918373E+00 -0.42796651E+00  0.26665672E+01  0.40927408E+01  0.48125000E+00
 -0.20548931E-01  0.25214201E-01 -0.48014951E+00  0.30739522E+01  0.22546016E+01  0.48125000E+00
 -0.38244290E-01  0.47269839E-01 -0.47739344E+00  0.30149092E+01  0.22510393E+01  0.48125000E+00
 -0.12669978E+00  0.42995607E+00 -0.17517566E+00  0.19433567E+01  0.18573660E+01  0.48125000E+00
  0.99825312E-01 -0.32117378E+00 -0.34421487E+00  0.23677805E+01  0.50137371E+01  0.48125000E+00
 -0.18724855E+00 -0.29902574E-01 -0.44231819E+00  0.27365935E+01  0.32999501E+01  0.48125000E+00
  0.40201914E-01  0.22837575E+00 -0.42169881E+00  0.26388353E+01  0.13965475E+01  0.48125000E+00
 -0.12700325E+00  0.37829383E+00 -0.26900840E+00  0.21639497E+01  0.18946991E+01  0.48125000E+00
  0.23276905E+00  0.83818399E-01  0.41278881E+00  0.53993326E+00  0.34563749E+00  0.48125000E+00
 -0.12176549E-01 -0.13047847E+00  0.46306443E+00  0.27578479E+00  0.46193362E+01  0.48125000E+00
 -0.20274527E+00 -0.43637040E+00 -0.87631480E-02  0.15890065E+01  0.42774459E+01  0.48125000E+00
 -0.11086828E-01  0.36179619E-01 -0.47976002E+00  0.30628824E+01  0.18681495E+01  0.48125000E+00
 -0.16295228E+00  0.41787688E+00 -0.17443346E+00  0.19417014E+01  0.19426115E+01  0.48125000E+00
  0.61325194E-01  0.38436569E+00 -0.28302614E+00  0.21995117E+01  0.14125808E+01  0.48125000E+00
  0.24219511E-02  0.47111978E+00  0.98192943E-01  0.13653161E+01  0.15656555E+01  0.48125000E+00
 -0.45064065E+00  0.54271295E-01  0.15993498E+00  0.12320208E+01  0.30217384E+01  0.48125000E+00
 -0.35856178E-01 -0.22957701E+00  0.42143836E+00  0.50387940E+00  0.45574570E+01  0.48125000E+00
  0.13282400E-02  0.96275278E-02 -0.48115186E+00  0.31213965E+01  0.14336991E+01  0.48125000E+00
  0.14337555E-01  0.65789039E-01  0.47651632E+00  0.14037375E+00  0.13562191E+01  0.48125000E+00
 -0.35412477E+00  0.17398817E+00  0.27554550E+00  0.96116884E+00  0.26849141E+01  0.48125000E+00
  0.24437152E+00 -0.18732589E+00  0.36985556E+00  0.69425429E+00  0.56291686E+01  0.48125000E+00
  0.41869673E+00 -0.32531902E-01  0.23502401E+00  0.10605851E+01  0.62056431E+01  0.48125000E+00
 -0.23622005E+00  0.66802518E-01  0.41393124E+00  0.53529760E+00  0.28659914E+01  0.48125000E+00
 -0.37472797E+00  0.10195230E+00  0.28422920E+00  0.93898658E+00  0.28759523E+01  0.48125000E+00
 -0.18339387E+00  0.10232748E+00  0.43300963E+00  0.45157649E+00  0.26326543E+01  0.48125000E+00
  0.28423639E-01 -0.17982161E+00 -0.44548608E+00  0.27536396E+01  0.48691577E+01  0.48125000E+00
 -0.29219126E+00 -0.37714877E+00 -0.63123984E-01  0.17023421E+01  0.40532430E+01  0.48125000E+00
 -0.47414997E+00 -0.32598747E-01 -0.75635240E-01  0.17286148E+01  0.32102366E+01  0.48125000E+00
  0.28845545E-02  0.36366648E+00  0.31518238E+00  0.85671372E+00  0.15628646E+01  0.48125000E+00
 -0.15216601E+00 -0.13128447E+00 -0.43727732E+00  0.27107836E+01  0.38534545E+01  0.48125000E+00
 -0.28968550E+00 -0.35872881E+00 -0.13783148E+00  0.18612668E+01  0.40330713E+01  0.48125000E+00
 -0.21431073E+00  0.42498281E+00  0.71148307E-01  0.14224118E+01  0.20378628E+01  0.48125000E+00
 -0.83022697E-01 -0.89176233E-02 -0.47395070E+00  0.29672031E+01  0.32485943E+01  0.48125000E+00
  0.45620776E-01  0.42112465E+00  0.22841703E+00  0.10762495E+01  0.14628863E+01  0.48125000E+00
  0.46937249E+00 -0.83284273E-01  0.65990625E-01  0.14332396E+01  0.61075756E+01  0.48125000E+00
 -0.25819890E-01 -0.30168154E-01  0.47960898E+00  0.82605587E-01  0.40044994E+01  0.48125000E+00
  0.45127912E+00 -0.15083520E+00  0.72093391E-01  0.14204258E+01  0.59606196E+01  0.48125000E+00
 -0.20844888E+00  0.32433445E+00 -0.28802394E+00  0.22124129E+01  0.21420207E+01  0.48125000E+00
 -0.15349013E-01 -0.11540505E+00 -0.46695572E+00  0.28972543E+01  0.45801638E+01  0.48125000E+00
  0.96164069E-01  0.46329161E+00 -0.87834609E-01  0.17543386E+01  0.13661355E+01  0.48125000E+00
  0.41767936E-02  0.72149274E-01  0.47579260E+00  0.15074182E+00  0.15129699E+01  0.48125000E+00
  0.18324916E+00 -0.18842063E+00 -0.40313642E+00  0.25638289E+01  0.54838739E+01  0.48125000E+00
  0.28827602E+00 -0.38520383E+00  0.10793931E-01  0.15483655E+01  0.53548478E+01  0.48125000E+00
 -0.11042325E+00  0.48979762E-01 -0.46584252E+00  0.28878690E+01  0.27241039E+01  0.48125000E+00
 -0.17193492E+00  0.19172605E+00  0.40654774E+00  0.56465265E+00  0.23018262E+01  0.48125000E+00
  0.13439971E-01  0.12059462E-01 -0.48091111E+00  0.31040623E+01  0.73131215E+00  0.48125000E+00
  0.27772740E-01  0.43872427E+00 -0.19583476E+00  0.19898863E+01  0.15075773E+01  0.48125000E+00
  0.35876622E+00  0.26481105E+00  0.18100683E+00  0.11851932E+01  0.63585179E+00  0.48125000E+00
 -0.41430397E+00 -0.14130625E+00  0.19996581E+00  0.11422892E+01  0.34702891E+01  0.48125000E+00
 -0.46142913E-01 -0.98207049E-01 -0.46885794E+00  0.29141679E+01  0.42731482E+01  0.48125000E+00
  0.66857639E-01 -0.34054550E+00  0.33340723E+00  0.80543966E+00  0.49062485E+01  0.48125000E+00
 -0.96612548E-02  0.96595503E-02 -0.48105604E+00  0.31132005E+01  0.23562827E+01  0.48125000E+00
  0.33303327E+00 -0.66054826E-01 -0.34106769E+00  0.23584673E+01  0.60873835E+01  0.48125000E+00
 -0.26197852E+00  0.28954258E+00  0.28130751E+00  0.94648940E+00  0.23062578E+01  0.48125000E+00
 -0.33795942E+00 -0.12485777E+00 -0.31905412E+00  0.22955748E+01  0.34954852E+01  0.48125000E+00
  0.10260176E+00 -0.47018043E+00 -0.21926344E-02  0.15753525E+01  0.49272388E+01  0.48125000E+00
  0.54277270E-01  0.12942118E+00 -0.46033216E+00  0.28456730E+01  0.11736914E+01  0.48125000E+00
 -0.41460550E+00  0.24397470E+00  0.13423465E-01  0.15428998E+01  0.26097089E+01  0.48125000E+00
  0.48627883E-01 -0.32026275E-01  0.47771457E+00  0.12128778E+00  0.57007888E+01  0.48125000E+00
  0.23880102E-01 -0.18027942E-01 -0.48031895E+00  0.30793790E+01  0.56365328E+01  0.48125000E+00
  0.18707289E-01 -0.45218460E-02  0.48086500E+00  0.40002423E-01  0.60460187E+01  0.48125000E+00
 -0.53977361E-01  0.43665129E+00  0.19499656E+00  0.11536122E+01  0.16937890E+01  0.48125000E+00
 -0.11149314E+00 -0.24263581E+00  0.40037321E+00  0.58819361E+00  0.42816562E+01  0.48125000E+00
  0.29338150E-01  0.21852321E-02 -0.48034994E+00  0.30804233E+01  0.74347032E-01  0.48125000E+00
 -0.43886955E+00 -0.90534944E-01  0.17549503E+00  0.11975233E+01  0.33450301E+01  0.48125000E+00
  0.36580682E-01 -0.71160965E-01  0.47455193E+00  0.16703578E+00  0.51872176E+01  0.48125000E+00
  0.19238682E-01 -0.35027580E+00 -0.32945152E+00  0.23248163E+01  0.47672582E+01  0.48125000E+00
 -0.24623655E+00 -0.83538255E-01 -0.40495738E+00  0.25707943E+01  0.34686678E+01  0.48125000E+00
  0.38199396E-01  0.35710069E-01 -0.47840063E+00  0.30327200E+01  0.75173013E+00  0.48125000E+00
 -0.64999383E-01  0.32643962E+00  0.34758282E+00  0.76374631E+00  0.17673418E+01  0.48125000E+00
  0.51514841E-01  0.14389071E+00  0.45633677E+00  0.32317387E+00  0.12270003E+01  0.48125000E+00
  0.43674592E+00 -0.43037434E-01  0.19749010E+00  0.11479376E+01  0.61849613E+01  0.48125000E+00
  0.19453668E-01  0.28686199E+00  0.38591880E+00  0.64031234E+00  0.15030846E+01  0.48125000E+00
 -0.82596998E-01  0.37108037E+00 -0.29509094E+00  0.22308712E+01  0.17898111E+01  0.48125000E+00
 -0.36636339E-01  0.18200279E+00 -0.44399811E+00  0.27455465E+01  0.17694372E+01  0.48125000E+00
  0.37890974E+00 -0.19765629E+00  0.22127125E+00  0.10930439E+01  0.58023722E+01  0.48125000E+00
  0.25219836E+00  0.10802996E+00 -0.39538219E+00  0.25349617E+01  0.40470736E+00  0.48125000E+00
 -0.17232960E+00  0.34157843E+00  0.29193877E+00  0.91898671E+00  0.20380451E+01  0.48125000E+00
  0.30114928E+00  0.76380041E-01 -0.36752790E+00  0.24398128E+01  0.24839079E+00  0.48125000E+00
 -0.23995377E+00  0.41263721E+00  0.61272206E-01  0.14431309E+01  0.20975113E+01  0.48125000E+00
  0.42528692E+00  0.16283594E+00  0.15561830E+00  0.12415154E+01  0.36566547E+00  0.48125000E+00
 -0.24573328E+00  0.39222631E+00  0.13181517E+00  0.12933488E+01  0.21304800E+01  0.48125000E+00
 -0.13021103E+00 -0.16382741E+00 -0.43336732E+00  0.26917224E+01  0.40408231E+01  0.48125000E+00
 -0.32742478E+00 -0.20431200E-01 -0.35210388E+00  0.23915275E+01  0.32039115E+01  0.48125000E+00
 -0.16681774E+00 -0.31309548E+00  0.32518399E+00  0.82887299E+00  0.42228458E+01  0.48125000E+00
  0.16159716E+00  0.27986356E-01  0.45244302E+00  0.34775151E+00  0.17148498E+00  0.48125000E+00
 -0.29796289E-01 -0.19821896E+00 -0.43751913E+00  0.27119884E+01  0.45631860E+01  0.48125000E+00
  0.63560666E-02  0.11591037E+00  0.46703956E+00  0.24361717E+00  0.15160151E+01  0.48125000E+00
 -0.23964399E+00  0.18066786E+00 -0.37620665E+00  0.24682285E+01  0.24955995E+01  0.48125000E+00
 -0.12874265E+00 -0.35357230E+00  0.30002253E+00  0.89768277E+00  0.43631911E+01  0.48125000E+00
 -0.64632922E-01 -0.22146794E-01  0.47637555E+00  0.14244905E+00  0.34717091E+01  0.48125000E+00
  0.30475035E-01 -0.23385210E+00  0.41950689E+00  0.51213018E+00  0.48419763E+01  0.48125000E+00
  0.15518648E+00  0.22655737E+00  0.39520941E+00  0.60726042E+00  0.97022456E+00  0.48125000E+00
  0.30969834E+00  0.33571042E+00  0.15161469E+00  0.12502938E+01  0.82567962E+00  0.48125000E+00
  0.21525094E-01 -0.61216605E-01  0.47685507E+00  0.13524978E+00  0.50505079E+01  0.48125000E+00
  0.25759590E+00 -0.26967775E+00  0.30417072E+00  0.88660952E+00  0.54748773E+01  0.48125000E+00
 -0.10748484E+00 -0.46534848E+00 -0.59155406E-01  0.16940283E+01  0.44853928E+01  0.48125000E+00
  0.34241197E+00 -0.32555575E+00  0.91482579E-01  0.13795388E+01  0.55230169E+01  0.48125000E+00
  0.40546154E+00 -0.68138442E-01 -0.25011928E+00  0.21173293E+01  0.61166895E+01  0.48125000E+00
  0.34257843E+00  0.29554480E-02 -0.33798350E+00  0.23494243E+01  0.86268557E-02  0.48125000E+00
 -0.85956285E-01  0.31290690E-01 -0.47247643E+00  0.29503521E+01  0.27924738E+01  0.48125000E+00
 -0.16249095E+00 -0.18316051E+00 -0.41430723E+00  0.26078287E+01  0.39867185E+01  0.48125000E+00
  0.53743983E-01 -0.19410839E+00  0.43707560E+00  0.43181165E+00  0.49824986E+01  0.48125000E+00
  0.24085738E-01 -0.60822628E-01 -0.47678302E+00  0.30052370E+01  0.50894420E+01  0.48125000E+00
  0.66197028E-01 -0.38890187E+00 -0.27563537E+00  0.21806516E+01  0.48809883E+01  0.48125000E+00
 -0.21697683E+00 -0.69291039E-01 -0.42393557E+00  0.26485674E+01  0.34507037E+01  0.48125000E+00
 -0.15558885E+00 -0.12864159E+00  0.43685812E+00  0.43289017E+00  0.38324656E+01  0.48125000E+00
 -0.50238702E-01 -0.19428090E+00 -0.43741578E+00  0.27114731E+01  0.44593440E+01  0.48125000E+00
  0.47667403E+00 -0.12645370E-02 -0.66195401E-01  0.17087827E+01  0.62805325E+01  0.48125000E+00
 -0.73488598E-01  0.39616522E-01 -0.47395308E+00  0.29672315E+01  0.26471689E+01  0.48125000E+00
  0.24747405E+00  0.15039657E+00  0.38436835E+00  0.64568546E+00  0.54608148E+00  0.48125000E+00
 -0.15601270E+00 -0.45517607E+00  0.87373890E-02  0.15526397E+01  0.43821853E+01  0.48125000E+00
  0.35441614E+00  0.27248642E+00 -0.17816260E+00  0.19500292E+01  0.65544497E+00  0.48125000E+00
 -0.13143563E+00 -0.34407988E+00  0.30973420E+00  0.87159905E+00  0.43475028E+01  0.48125000E+00
  0.18061107E+00 -0.21772003E-01  0.44554145E+00  0.38764877E+00  0.61632178E+01  0.48125000E+00
  0.40923716E-01  0.41333460E-01 -0.47772205E+00  0.30204334E+01  0.79037938E+00  0.48125000E+00
 -0.22040119E+00 -0.28635996E+00 -0.31784092E+00  0.22922125E+01  0.40564207E+01  0.48125000E+00
 -0.23407546E-02 -0.31239947E+00  0.36606373E+00  0.70647957E+00  0.47048963E+01  0.48125000E+00
  0.44366789E+00  0.14032730E+00 -0.12275430E+00  0.18287204E+01  0.30633309E+00  0.48125000E+00
 -0.61024015E-01  0.31944829E+00  0.35472584E+00  0.74203826E+00  0.17595516E+01  0.48125000E+00
  0.71827815E-01  0.12480127E+00  0.45920254E+00  0.30386527E+00  0.10485582E+01  0.48125000E+00
  0.45048127E+00 -0.16894857E+00  0.11161216E-01  0.15476021E+01  0.59243794E+01  0.48125000E+00
  0.29024949E+00  0.27827881E+00 -0.26441956E+00  0.21524941E+01  0.76434572E+00  0.48125000E+00
  0.47083453E-04 -0.45302528E-03 -0.48124978E+00  0.31406462E+01  0.48159484E+01  0.48125000E+00
  0.34878460E+00  0.29931960E+00  0.14268372E+00  0.12697856E+01  0.70922324E+00  0.48125000E+00
 -0.28326278E+00 -0.24226564E+00 -0.30441931E+00  0.22556499E+01  0.38491372E+01  0.48125000E+00
  0.23454313E+00  0.23978765E+00  0.34509849E+00  0.77118137E+00  0.79645438E+00  0.48125000E+00
  0.35424946E-01  0.37384469E+00 -0.30097638E+00  0.22464474E+01  0.14763200E+01  0.48125000E+00
 -0.44520408E+00 -0.18272097E+00  0.28181742E-02  0.15649403E+01  0.35310500E+01  0.48125000E+00
  0.36866577E-01  0.80258859E-01  0.47307603E+00  0.18457067E+00  0.11401976E+01  0.48125000E+00
  0.29608317E-01  0.88571791E-01  0.47210163E+00  0.19529535E+00  0.12481885E+01  0.48125000E+00
  0.62180457E-01  0.36565738E-01  0.47581309E+00  0.15045800E+00  0.53159261E+00  0.48125000E+00
 -0.42237018E+00 -0.13391912E+00 -0.18780486E+00  0.19716928E+01  0.34486316E+01  0.48125000E+00
  0.13945301E+00 -0.20590484E+00 -0.41201652E+00  0.25985458E+01  0.53076959E+01  0.48125000E+00
 -0.14916862E+00 -0.19772377E+00  0.41262040E+00  0.54061361E+00  0.40660591E+01  0.48125000E+00
 -0.38785754E-02 -0.19447279E+00  0.44018957E+00  0.41608179E+00  0.46924476E+01  0.48125000E+00
  0.25204882E+00  0.42449154E-01 -0.40776344E+00  0.25816784E+01  0.16685063E+00  0.48125000E+00
  0.16137232E+00  0.13975083E+00 -0.43131224E+00  0.26819999E+01  0.71371836E+00  0.48125000E+00
  0.13444998E+00  0.42157490E+00 -0.18920721E+00  0.19748598E+01  0.12620705E+01  0.48125000E+00
 -0.10524263E+00 -0.14222136E+00 -0.44754736E+00  0.27651236E+01  0.40753240E+01  0.48125000E+00
 -0.83089044E-01 -0.42278508E+00 -0.21436080E+00  0.20324453E+01  0.45183342E+01  0.48125000E+00
 -0.76344575E-01  0.46006258E+00 -0.11880865E+00  0.18202505E+01  0.17352417E+01  0.48125000E+00
  0.19313552E+00  0.42032687E+00 -0.13276127E+00  0.18502885E+01  0.11400795E+01  0.48125000E+00
 -0.73296981E-03 -0.13979973E-01 -0.48104634E+00  0.31124994E+01  0.46600070E+01  0.48125000E+00
  0.26642770E-01 -0.46793784E+00 -0.10920580E+00  0.17997115E+01  0.47692641E+01  0.48125000E+00
 -0.32349148E+00 -0.13076019E+00  0.33144622E+00  0.81107501E+00  0.35257276E+01  0.48125000E+00
 -0.17793451E-01 -0.11063717E+00  0.46802176E+00  0.23500680E+00  0.45529274E+01  0.48125000E+00
 -0.23707592E+00 -0.38431437E+00 -0.16643028E+00  0.19239186E+01  0.41596500E+01  0.48125000E+00
  0.51182095E-01  0.20359368E+00 -0.43304915E+00  0.26902044E+01  0.13245067E+01  0.48125000E+00
 -0.86508232E-01 -0.43701053E+00  0.18204309E+00  0.11828681E+01  0.45169609E+01  0.48125000E+00
 -0.45651163E+00 -0.10006781E+00  0.11482652E+00  0.13298718E+01  0.33573807E+01  0.48125000E+00
 -0.29227910E+00  0.24895940E+00 -0.29016152E+00  0.22179688E+01  0.24360623E+01  0.48125000E+00
 -0.44827714E-01 -0.24810759E-01  0.47851485E+00  0.10666596E+00  0.36470955E+01  0.48125000E+00
  0.37323575E+00  0.13791416E+00  0.27069600E+00  0.97340781E+00  0.35394842E+00  0.48125000E+00
 -0.27585247E+00  0.33604714E+00  0.20634751E+00  0.11276610E+01  0.22581366E+01  0.48125000E+00
  0.19656459E+00 -0.13424197E+00 -0.41826190E+00  0.26242078E+01  0.56840005E+01  0.48125000E+00
 -0.13684588E+00 -0.35388136E-02  0.46136996E+00  0.28843283E+00  0.31674467E+01  0.48125000E+00
  0.12912536E+00 -0.23052591E+00 -0.40222631E+00  0.25603754E+01  0.52229792E+01  0.48125000E+00
  0.40543219E+00 -0.16987473E+00 -0.19587975E+00  0.19899887E+01  0.58864105E+01  0.48125000E+00
 -0.10404555E-01 -0.23655039E-01 -0.48055566E+00  0.30878689E+01  0.42980118E+01  0.48125000E+00
  0.43163701E+00  0.19212271E+00  0.91541862E-01  0.13794133E+01  0.41877371E+00  0.48125000E+00
  0.11500591E-01 -0.14656978E+00 -0.45824295E+00  0.28311326E+01  0.47906935E+01  0.48125000E+00
  0.11562894E+00 -0.39689980E-01  0.46546344E+00  0.25684299E+00  0.59525338E+01  0.48125000E+00
 -0.58310005E-01  0.75936667E-01 -0.47163029E+00  0.29413130E+01  0.22256408E+01  0.48125000E+00
  0.85571621E-01 -0.81827770E-01  0.46645823E+00  0.24857558E+00  0.55201482E+01  0.48125000E+00
 -0.80467648E-01  0.13643099E+00 -0.45443713E+00  0.28062116E+01  0.21036856E+01  0.48125000E+00
 -0.23168018E-01 -0.35554198E+00 -0.32350380E+00  0.23079938E+01  0.46473184E+01  0.48125000E+00
  0.16754461E+00 -0.11844100E+00  0.43531838E+00  0.44045520E+00  0.56678287E+01  0.48125000E+00
  0.16902088E+00  0.13491295E-02 -0.45059037E+00  0.27827152E+01  0.79818591E-02  0.48125000E+00
  0.49758871E-01  0.11831907E+00 -0.46381701E+00  0.28716103E+01  0.11727024E+01  0.48125000E+00
  0.23678488E+00  0.41717343E+00  0.38740356E-01  0.14902097E+01  0.10545461E+01  0.48125000E+00
  0.20594816E-01 -0.55139834E-01 -0.47763691E+00  0.30189783E+01  0.50698453E+01  0.48125000E+00
 -0.16218366E+00  0.61648760E-01  0.44888468E+00  0.36883670E+00  0.27783434E+01  0.48125000E+00
 -0.29886693E+00 -0.20970553E+00  0.31353422E+00  0.86123678E+00  0.37534376E+01  0.48125000E+00
  0.29726671E+00 -0.36410726E+00 -0.10324711E+00  0.17870166E+01  0.53970660E+01  0.48125000E+00
  0.65765414E-01 -0.45390013E-02 -0.47671361E+00  0.30041801E+01  0.62142765E+01  0.48125000E+00
  0.11261958E+00 -0.20745224E-01  0.46742703E+00  0.24025661E+00  0.61010212E+01  0.48125000E+00
 -0.76661725E-01 -0.39449426E+00  0.26476182E+00  0.98824716E+00  0.45204521E+01  0.48125000E+00
 -0.18390165E+00  0.22170576E-01 -0.44417363E+00  0.27464929E+01  0.30216150E+01  0.48125000E+00
 -0.27599522E+00 -0.39365442E+00  0.21549960E-01  0.15260022E+01  0.41009182E+01  0.48125000E+00
  0.11351481E+00 -0.19599465E+00  0.42461988E+00  0.49001238E+00  0.52373537E+01  0.48125000E+00
 -0.14201325E+00 -0.10816219E+00  0.44691693E+00  0.38001642E+00  0.37924984E+01  0.48125000E+00
 -0.28548151E-02 -0.30446218E+00  0.37268780E+00  0.68500450E+00  0.47030127E+01  0.48125000E+00
 -0.32551308E+00 -0.32296334E+00 -0.14607353E+00  0.18791910E+01  0.39230589E+01  0.48125000E+00
 -0.47145955E+00 -0.96119915E-01  0.94029740E-02  0.15512564E+01  0.33427136E+01  0.48125000E+00
  0.55993513E-03  0.43570452E-01  0.47927327E+00  0.90667654E-01  0.15579458E+01  0.48125000E+00
  0.22091303E+00  0.42748671E+00  0.73555761E-02  0.15555114E+01  0.10938216E+01  0.48125000E+00
 -0.23033693E-01  0.10555968E-01  0.48058255E+00  0.52673317E-01  0.27118713E+01  0.48125000E+00
  0.40040729E+00 -0.83215948E-01 -0.25367434E+00  0.21259990E+01  0.60782740E+01  0.48125000E+00
  0.13078000E+00 -0.23888409E+00  0.39677771E+00  0.60152575E+00  0.52132817E+01  0.48125000E+00
  0.20036009E+00 -0.17845429E+00 -0.39951404E+00  0.25501892E+01  0.55555501E+01  0.48125000E+00
  0.66309179E-03  0.80706835E-02  0.48118186E+00  0.16827553E-01  0.14888199E+01  0.48125000E+00
 -0.12708075E+00 -0.90880271E-01  0.45518438E+00  0.33063103E+00  0.37624062E+01  0.48125000E+00
 -0.27412079E+00 -0.37882348E+00 -0.11380742E+00  0.18095409E+01  0.40859919E+01  0.48125000E+00
  0.11251439E+00 -0.86249851E-03  0.46791167E+00  0.23598727E+00  0.62755198E+01  0.48125000E+00
  0.99527874E-01 -0.78445316E-01 -0.46426512E+00  0.28751237E+01  0.56156968E+01  0.48125000E+00
  0.20088405E+00  0.28528598E+00 -0.33144995E+00  0.23305283E+01  0.95729072E+00  0.48125000E+00
  0.40807045E+00 -0.25329724E+00 -0.30341043E-01  0.16338845E+01  0.57276701E+01  0.48125000E+00
 -0.13766562E+00 -0.45857779E+00  0.48540207E-01  0.14697618E+01  0.44207476E+01  0.48125000E+00
 -0.24503148E+00 -0.10391124E+00 -0.40095335E+00  0.25555752E+01  0.35426779E+01  0.48125000E+00
 -0.37513809E+00 -0.85223097E-01  0.28915393E+00  0.92624563E+00  0.33649791E+01  0.48125000E+00
 -0.44315410E+00  0.86024933E-01  0.16678046E+00  0.12168984E+01  0.29498576E+01  0.48125000E+00
  0.48052348E+00  0.22453633E-01 -0.13949311E-01  0.15997860E+01  0.46693478E-01  0.48125000E+00
  0.10885239E+00 -0.19757018E-01 -0.46836138E+00  0.29096360E+01  0.61036371E+01  0.48125000E+00
 -0.20999366E-01  0.47875125E+00 -0.44247403E-01  0.16628690E+01  0.16146310E+01  0.48125000E+00
  0.17271053E+00  0.37063036E+00 -0.25378292E+00  0.21262645E+01  0.11347239E+01  0.48125000E+00
  0.73154988E-02  0.40221680E+00 -0.26413953E+00  0.21517978E+01  0.15526104E+01  0.48125000E+00
  0.12219931E+00 -0.27563487E-01 -0.46466025E+00  0.28782597E+01  0.60613363E+01  0.48125000E+00
  0.47524144E+00  0.72401839E-01  0.22474642E-01  0.15240788E+01  0.15118498E+00  0.48125000E+00
 -0.19362661E+00 -0.27754730E+00  0.34216632E+00  0.77988422E+00  0.41032523E+01  0.48125000E+00
  0.23087062E-02  0.44928756E+00 -0.17244397E+00  0.19372696E+01  0.15656578E+01  0.48125000E+00
  0.37463370E-01  0.14242860E+00 -0.45816171E+00  0.28305806E+01  0.13135898E+01  0.48125000E+00
 -0.36778311E+00 -0.36493189E-03 -0.31038205E+00  0.22717538E+01  0.31425849E+01  0.48125000E+00
  0.43580898E+00  0.17714650E+00  0.10144563E+00  0.13584070E+01  0.38607784E+00  0.48125000E+00
  0.74294425E-03 -0.53176911E-02 -0.48122005E+00  0.31304354E+01  0.48512023E+01  0.48125000E+00
  0.33426229E+00  0.32269355E-01 -0.34471579E+00  0.23692710E+01  0.96240783E-01  0.48125000E+00
 -0.45638835E+00 -0.12602247E+00  0.86194971E-01  0.13907182E+01  0.34110090E+01  0.48125000E+00
  0.40421077E+00 -0.19179525E+00  0.17728451E+00  0.11935268E+01  0.58401506E+01  0.48125000E+00
  0.99273386E-01  0.10127911E+00  0.45987922E+00  0.29913014E+00  0.79539884E+00  0.48125000E+00
  0.40779591E+00 -0.25542674E+00 -0.78251888E-02  0.15870572E+01  0.57236091E+01  0.48125000E+00
 -0.25504984E+00  0.68516597E-01  0.40231408E+00  0.58088502E+00  0.28791488E+01  0.48125000E+00
  0.47018297E+00 -0.72242269E-01  0.72873836E-01  0.14187854E+01  0.61307304E+01  0.48125000E+00
  0.22916434E+00 -0.50079016E-01  0.42021109E+00  0.50913614E+00  0.60680387E+01  0.48125000E+00
 -0.92220731E-01  0.43831381E+00  0.17600540E+00  0.11963841E+01  0.17781705E+01  0.48125000E+00
  0.31748690E+00 -0.31587717E+00  0.17613984E+00  0.11960840E+01  0.55003287E+01  0.48125000E+00
  0.40113007E+00  0.67317456E-02  0.26580240E+00  0.98565563E+00  0.16780377E-01  0.48125000E+00
  0.23506334E+00 -0.28388821E+00 -0.30944188E+00  0.22692002E+01  0.54039796E+01  0.48125000E+00
  0.84131516E-01 -0.86302610E-02  0.47376046E+00  0.17665347E+00  0.61809623E+01  0.48125000E+00
 -0.23472514E+00  0.36234693E+00 -0.21262730E+00  0.20284260E+01  0.21456172E+01  0.48125000E+00
 -0.36678618E+00  0.29379540E+00  0.10370014E+00  0.13536122E+01  0.24662428E+01  0.48125000E+00
  0.62691858E-02  0.14221195E-01  0.48099898E+00  0.32300100E-01  0.11555910E+01  0.48125000E+00
  0.26113915E+00 -0.54121965E-01  0.40059795E+00  0.58735142E+00  0.60788252E+01  0.48125000E+00
  0.44260292E-01 -0.33094465E+00 -0.34658077E+00  0.23748405E+01  0.48453393E+01  0.48125000E+00
 -0.81581268E-01 -0.46437573E+00  0.96442922E-01  0.13690292E+01  0.45384841E+01  0.48125000E+00
 -0.30553500E+00 -0.14618744E+00 -0.34187594E+00  0.23608507E+01  0.35878634E+01  0.48125000E+00
 -0.30044975E+00 -0.23925096E-01 -0.37517876E+00  0.24648108E+01  0.32210559E+01  0.48125000E+00
 -0.93538317E-01 -0.37909066E+00 -0.28132263E+00  0.21951420E+01  0.44704772E+01  0.48125000E+00
 -0.82784960E-03  0.40004917E-03 -0.48124912E+00  0.31396821E+01  0.26914436E+01  0.48125000E+00
  0.14280289E+00  0.36486056E+00 -0.27943813E+00  0.21903240E+01  0.11977341E+01  0.48125000E+00
  0.35214054E+00  0.16861839E+00  0.28136532E+00  0.94634133E+00  0.44657542E+00  0.48125000E+00
 -0.26782037E+00 -0.35228432E+00  0.18912844E+00  0.11669108E+01  0.40623669E+01  0.48125000E+00
  0.87189984E-01 -0.22721569E+00  0.41517767E+00  0.53019821E+00  0.50787932E+01  0.48125000E+00
 -0.67330003E-01  0.10937108E-01  0.47639124E+00  0.14221927E+00  0.29805589E+01  0.48125000E+00
  0.14113740E+00  0.44945314E+00  0.98354838E-01  0.13649725E+01  0.12665270E+01  0.48125000E+00
 -0.78629833E-02  0.95361892E-02 -0.48109126E+00  0.31159071E+01  0.22603235E+01  0.48125000E+00
 -0.44236317E-01  0.31141201E+00  0.36423518E+00  0.71231274E+00  0.17119030E+01  0.48125000E+00
 -0.34800154E+00 -0.21770789E+00  0.25119667E+00  0.10216408E+01  0.37006195E+01  0.48125000E+00
 -0.16323210E-01  0.22827920E+00 -0.42334823E+00  0.26459950E+01  0.16421803E+01  0.48125000E+00
 -0.43602548E+00 -0.10216113E+00  0.17620001E+00  0.11959496E+01  0.33717419E+01  0.48125000E+00
  0.88487953E-01 -0.26920655E+00  0.38897208E+00  0.62961602E+00  0.50299629E+01  0.48125000E+00
  0.14054418E+00 -0.43605216E+00  0.14733435E+00  0.12596509E+01  0.50241864E+01  0.48125000E+00
 -0.42213387E+00 -0.23082196E+00  0.11215187E-01  0.15474899E+01  0.36419742E+01  0.48125000E+00
 -0.30806933E-02  0.51356087E-01 -0.47849203E+00  0.30344822E+01  0.16307114E+01  0.48125000E+00
  0.42097450E+00  0.29057112E-03  0.23319937E+00  0.10649247E+01  0.69023438E-03  0.48125000E+00
 -0.13709400E+00 -0.46101178E+00  0.16581211E-01  0.15363350E+01  0.44233409E+01  0.48125000E+00
 -0.58466412E-03  0.17581328E-02  0.48124643E+00  0.38499808E-02  0.18918402E+01  0.48125000E+00
  0.15436126E+00  0.26809160E+00 -0.36864760E+00  0.24434245E+01  0.10483775E+01  0.48125000E+00
 -0.41925998E+00  0.35554047E-01  0.23357769E+00  0.10640258E+01  0.30569932E+01  0.48125000E+00
  0.35981203E+00  0.18514375E+00  0.26049694E+00  0.99882300E+00  0.47522518E+00  0.48125000E+00
 -0.17830800E+00 -0.26744819E+00  0.35816098E+00  0.73141415E+00  0.41243626E+01  0.48125000E+00
 -0.65057927E-01 -0.12196383E+00  0.46097055E+00  0.29133633E+00  0.42223643E+01  0.48125000E+00
 -0.43585860E+00 -0.17679916E+00  0.10183762E+00  0.13575737E+01  0.35269467E+01  0.48125000E+00
  0.13347412E+00  0.58469199E-03 -0.46236985E+00  0.28605563E+01  0.43805364E-02  0.48125000E+00
 -0.48039745E+00 -0.28073835E-01 -0.56315828E-02  0.15824986E+01  0.31999650E+01  0.48125000E+00
 -0.13902655E+00 -0.24402477E+00  0.39080058E+00  0.62313460E+00  0.41945295E+01  0.48125000E+00
  0.11689818E+00 -0.23030400E+00 -0.40607443E+00  0.25751048E+01  0.51820838E+01  0.48125000E+00
 -0.99304574E-01  0.31807235E+00  0.34723212E+00  0.76479936E+00  0.18734147E+01  0.48125000E+00
  0.40803784E+00  0.23314166E+00 -0.10369018E+00  0.17879593E+01  0.51910396E+00  0.48125000E+00
 -0.10829694E+00 -0.45211397E+00 -0.12436357E+00  0.18321804E+01  0.44772841E+01  0.48125000E+00
 -0.11339297E+00  0.40997672E+00 -0.22508374E+00  0.20574905E+01  0.18406345E+01  0.48125000E+00
 -0.11075015E+00  0.34297273E+00  0.31891327E+00  0.84640876E+00  0.18831389E+01  0.48125000E+00
  0.13450981E-01 -0.11274939E+00  0.46766249E+00  0.23819172E+00  0.48311276E+01  0.48125000E+00
 -0.35229716E+00 -0.60449407E-02 -0.32779831E+00  0.23201140E+01  0.31587496E+01  0.48125000E+00
 -0.10391999E+00 -0.23428150E+00 -0.40732588E+00  0.25799688E+01  0.42948960E+01  0.48125000E+00
 -0.83860582E-02  0.17615460E+00 -0.44777315E+00  0.27664018E+01  0.16183667E+01  0.48125000E+00
  0.26060033E+00 -0.23951312E+00 -0.32607131E+00  0.23152237E+01  0.55399270E+01  0.48125000E+00
 -0.18908980E+00  0.79778382E-02  0.44247369E+00  0.40417831E+00  0.30994269E+01  0.48125000E+00
 -0.37530815E+00 -0.23719263E+00 -0.18570140E+00  0.19669503E+01  0.37052058E+01  0.48125000E+00
 -0.73127293E-01 -0.53487639E-02  0.47563153E+00  0.15295444E+00  0.32146058E+01  0.48125000E+00
  0.42994358E+00  0.12016770E+00 -0.17974928E+00  0.19535809E+01  0.27254168E+00  0.48125000E+00
 -0.32519327E+00  0.54011879E-01  0.35061890E+00  0.75458080E+00  0.29770035E+01  0.48125000E+00
  0.46382189E+00  0.48629009E-01  0.11876882E+00  0.13214275E+01  0.10446250E+00  0.48125000E+00
 -0.34176930E+00 -0.32561064E+00  0.93664401E-01  0.13749188E+01  0.39027835E+01  0.48125000E+00
  0.22094022E+00  0.42508313E+00 -0.45730866E-01  0.16659651E+01  0.10914678E+01  0.48125000E+00
  0.14105187E+00  0.72568973E-01 -0.45435633E+00  0.28057018E+01  0.47516779E+00  0.48125000E+00
  0.20351391E+00 -0.26531596E+00 -0.34610850E+00  0.23734271E+01  0.53667209E+01  0.48125000E+00
  0.79033982E-01 -0.21065385E+00 -0.42541762E+00  0.26551141E+01  0.50713211E+01  0.48125000E+00
 -0.23746007E+00 -0.31844118E+00  0.27167903E+00  0.97093520E+00  0.40716486E+01  0.48125000E+00
 -0.21835441E+00 -0.38115684E+00  0.19657664E+00  0.11500181E+01  0.41921548E+01  0.48125000E+00
 -0.26467009E+00  0.28932653E+00  0.27900083E+00  0.95238432E+00  0.23117174E+01  0.48125000E+00
 -0.40386437E+00 -0.20328460E+00  0.16483478E+00  0.12212051E+01  0.36079156E+01  0.48125000E+00
  0.71934703E-01  0.44247641E-01 -0.47378171E+00  0.29651907E+01  0.55145462E+00  0.48125000E+00
 -0.26208966E+00  0.40350747E+00  0.96071410E-02  0.15508321E+01  0.21468401E+01  0.48125000E+00
 -0.44810691E+00  0.96842968E-01  0.14636665E+00  0.12617624E+01  0.29287503E+01  0.48125000E+00
 -0.28277284E-01 -0.23549639E+00  0.41874026E+00  0.51537161E+00  0.45928859E+01  0.48125000E+00
  0.19873337E+00  0.14431969E+00 -0.41385799E+00  0.26059967E+01  0.62809271E+00  0.48125000E+00
  0.37206593E+00 -0.13353043E+00  0.27447792E+00  0.96387207E+00  0.59386135E+01  0.48125000E+00
 -0.16545000E+00  0.30964543E-01 -0.45085370E+00  0.27842764E+01  0.29565795E+01  0.48125000E+00
  0.27333786E-01  0.82955309E-01 -0.47325769E+00  0.29590902E+01  0.12524996E+01  0.48125000E+00
 -0.25720425E+00 -0.40019804E+00  0.72725987E-01  0.14190962E+01  0.41411681E+01  0.48125000E+00
  0.12990803E+00 -0.19533187E+00 -0.42020343E+00  0.26324239E+01  0.52992806E+01  0.48125000E+00
 -0.73636287E-01  0.71701066E-01  0.47014702E+00  0.21522267E+00  0.23695091E+01  0.48125000E+00
 -0.31579804E+00 -0.23137184E+00 -0.27989325E+00  0.21914860E+01  0.37739019E+01  0.48125000E+00
  0.12427824E-01 -0.19141053E-01 -0.48070857E+00  0.30941531E+01  0.52882550E+01  0.48125000E+00
  0.26214987E+00 -0.24887108E+00 -0.31771401E+00  0.22918613E+01  0.55237661E+01  0.48125000E+00
 -0.27720453E+00 -0.36260422E+00 -0.15256931E+00  0.18933896E+01  0.40596834E+01  0.48125000E+00
  0.40448616E+00 -0.65361168E-01 -0.25242906E+00  0.21229569E+01  0.61229795E+01  0.48125000E+00
  0.14335232E+00  0.26100626E+00 -0.37805742E+00  0.24744193E+01  0.10685449E+01  0.48125000E+00
 -0.31800442E+00 -0.28064968E+00  0.22739944E+00  0.10786503E+01  0.38646737E+01  0.48125000E+00
 -0.12038517E+00 -0.43211734E+00 -0.17430886E+00  0.19414236E+01  0.44406848E+01  0.48125000E+00
  0.39075802E+00  0.25738646E+00  0.11252529E+00  0.13347928E+01  0.58245648E+00  0.48125000E+00
  0.71242890E-01  0.79514007E-01 -0.46925850E+00  0.29178893E+01  0.84020716E+00  0.48125000E+00
 -0.10432982E+00 -0.21602000E+00 -0.41719565E+00  0.26197458E+01  0.42624631E+01  0.48125000E+00
 -0.80965132E-01  0.34323617E+00 -0.32746777E+00  0.23191763E+01  0.18024492E+01  0.48125000E+00
  0.14444088E+00  0.39220342E+00 -0.23856839E+00  0.20894675E+01  0.12179297E+01  0.48125000E+00
  0.85920708E-01  0.46096820E+00 -0.10829364E+00  0.17977658E+01  0.13865191E+01  0.48125000E+00
  0.41506049E+00 -0.22276887E+00  0.98490531E-01  0.13646844E+01  0.57905995E+01  0.48125000E+00
 -0.12095675E+00 -0.44434877E+00 -0.13973259E+00  0.18653925E+01  0.44466173E+01  0.48125000E+00
 -0.30454872E+00  0.28415935E+00  0.24105000E+00  0.10461775E+01  0.23908147E+01  0.48125000E+00
 -0.27449622E-02  0.48124214E+00 -0.18721410E-03  0.15711853E+01  0.15765002E+01  0.48125000E+00
  0.36686850E+00  0.31128312E+00  0.10577601E-01  0.15488151E+01  0.70361498E+00  0.48125000E+00
  0.36924777E+00  0.30371436E+00 -0.54911145E-01  0.16851465E+01  0.68832370E+00  0.48125000E+00
 -0.39824583E+00 -0.15422852E+00 -0.22184541E+00  0.20498927E+01  0.35110766E+01  0.48125000E+00
  0.19209623E+00  0.13045069E+00  0.42152487E+00  0.50350696E+00  0.59655436E+00  0.48125000E+00
  0.44618329E+00 -0.17550732E+00  0.41463388E-01  0.14845317E+01  0.59084226E+01  0.48125000E+00
 -0.25872600E+00  0.31383586E+00 -0.25723428E+00  0.21347275E+01  0.22602387E+01  0.48125000E+00
 -0.75183729E-01 -0.37818226E-01  0.47383410E+00  0.17578060E+00  0.36076460E+01  0.48125000E+00
 -0.47238446E+00  0.64822714E-01  0.65211206E-01  0.14348744E+01  0.30052199E+01  0.48125000E+00
  0.26694825E+00 -0.12982944E+00  0.37879350E+00  0.66469756E+00  0.58305198E+01  0.48125000E+00
  0.30704572E+00 -0.22850420E+00  0.29173673E+00  0.91951470E+00  0.56434049E+01  0.48125000E+00
  0.44444661E+00 -0.83244820E-02  0.18438947E+00  0.11775955E+01  0.62644575E+01  0.48125000E+00
  0.18847540E+00 -0.59358896E-01 -0.43881101E+00  0.27184795E+01  0.59780769E+01  0.48125000E+00
  0.38694064E+00  0.28406900E+00  0.34399238E-01  0.14992564E+01  0.63327387E+00  0.48125000E+00
  0.56235404E-01  0.19426229E+00  0.43669360E+00  0.43370435E+00  0.12890169E+01  0.48125000E+00
 -0.51815845E-03 -0.10913945E-03 -0.48124971E+00  0.31404923E+01  0.33491877E+01  0.48125000E+00
  0.20972989E-01  0.22585639E+00  0.42444150E+00  0.49079939E+00  0.14782020E+01  0.48125000E+00
 -0.21770793E+00 -0.32513427E+00 -0.28016517E+00  0.21921808E+01  0.41223626E+01  0.48125000E+00
 -0.28402018E-01 -0.14487950E+00 -0.45804456E+00  0.28297861E+01  0.45188050E+01  0.48125000E+00
  0.10954446E+00  0.29588669E+00 -0.36339048E+00  0.24265985E+01  0.12162191E+01  0.48125000E+00
  0.13179351E-01 -0.69873949E-02  0.48101876E+00  0.31001475E-01  0.57956882E+01  0.48125000E+00
  0.46254607E+00  0.84712858E-01  0.10235442E+00  0.13564748E+01  0.18113726E+00  0.48125000E+00
 -0.19043032E+00 -0.34747783E+00  0.27312453E+00  0.96729169E+00  0.42110550E+01  0.48125000E+00
  0.34510347E+00  0.25067520E+00 -0.22286117E+00  0.20522726E+01  0.62821014E+00  0.48125000E+00
 -0.14365156E+00 -0.37180076E+00 -0.26968497E+00  0.21656461E+01  0.43436901E+01  0.48125000E+00
  0.40938831E-01 -0.41311037E+00  0.24344485E+00  0.10404183E+01  0.48111655E+01  0.48125000E+00
  0.17904285E+00 -0.65984270E-01  0.44180459E+00  0.40769920E+00  0.59300911E+01  0.48125000E+00
 -0.40809403E-01 -0.32291753E-01  0.47842805E+00  0.10834698E+00  0.38109952E+01  0.48125000E+00
 -0.70159616E-02 -0.79599910E-02 -0.48113301E+00  0.31195428E+01  0.39899439E+01  0.48125000E+00
  0.14065217E+00  0.15003020E+00 -0.43509708E+00  0.27000601E+01  0.81764908E+00  0.48125000E+00
 -0.14323140E-01 -0.11923184E+00  0.46602594E+00  0.25220078E+00  0.45928334E+01  0.48125000E+00
 -0.28513286E+00  0.32804064E+00 -0.20661595E+00  0.20145492E+01  0.22863318E+01  0.48125000E+00
 -0.20557986E+00 -0.21726851E+00  0.37700514E+00  0.67069916E+00  0.39546264E+01  0.48125000E+00
  0.31967821E+00 -0.24587370E+00 -0.26259004E+00  0.21479509E+01  0.56275538E+01  0.48125000E+00
 -0.23693481E+00  0.19036244E+00  0.37312947E+00  0.68355261E+00  0.24647589E+01  0.48125000E+00
 -0.32968174E+00  0.19645323E+00 -0.29037500E+00  0.22185249E+01  0.26042025E+01  0.48125000E+00
 -0.62990049E-01 -0.13672937E+00  0.45709834E+00  0.31815320E+00  0.42806797E+01  0.48125000E+00
  0.30471707E+00 -0.27035686E+00 -0.25623473E+00  0.21322719E+01  0.55574654E+01  0.48125000E+00
 -0.16216437E-01 -0.11024856E+00 -0.46817074E+00  0.29079190E+01  0.45663464E+01  0.48125000E+00
 -0.17945864E+00  0.37682502E+00  0.23958102E+00  0.10497007E+01  0.20152548E+01  0.48125000E+00
  0.27609895E+00 -0.53452274E-01 -0.39053014E+00  0.25174958E+01  0.60919528E+01  0.48125000E+00
 -0.25721819E+00 -0.28075275E+00 -0.29430980E+00  0.22288180E+01  0.39707098E+01  0.48125000E+00
 -0.26169496E+00 -0.39182188E+00  0.97943469E-01  0.13658456E+01  0.41235381E+01  0.48125000E+00
  0.95452955E-01 -0.37989712E+00  0.27958626E+00  0.95089057E+00  0.49585532E+01  0.48125000E+00
  0.43009935E+00 -0.16156929E-01 -0.21530226E+00  0.20346315E+01  0.62456374E+01  0.48125000E+00
  0.16124542E+00  0.44030595E+00  0.10831504E+00  0.13437812E+01  0.12197522E+01  0.48125000E+00
  0.40387893E+00 -0.24639704E+00 -0.88158182E-01  0.17550225E+01  0.57353895E+01  0.48125000E+00
  0.18892123E+00 -0.96640920E-01  0.43193850E+00  0.45665035E+00  0.58103477E+01  0.48125000E+00
 -0.78749040E-01  0.13604293E+00  0.45485434E+00  0.33273706E+00  0.20955224E+01  0.48125000E+00
  0.27013287E-02  0.44205219E-02  0.48122212E+00  0.10765006E-01  0.10222636E+01  0.48125000E+00
  0.44931054E+00 -0.87643056E-01  0.14845976E+00  0.12571934E+01  0.60905431E+01  0.48125000E+00
  0.44199673E-03 -0.99028806E-03  0.48124878E+00  0.22534043E-02  0.51321880E+01  0.48125000E+00
 -0.13890320E+00  0.11814509E+00 -0.44536412E+00  0.27529703E+01  0.24367753E+01  0.48125000E+00
 -0.27110195E+00 -0.39709904E+00  0.20436432E-01  0.15283182E+01  0.41133642E+01  0.48125000E+00
  0.15910367E-01  0.47191875E+00  0.92957614E-01  0.13764159E+01  0.15370949E+01  0.48125000E+00
 -0.11080637E+00  0.10011890E+00  0.45749286E+00  0.31552204E+00  0.24068206E+01  0.48125000E+00
  0.23334217E+00  0.10684322E-01  0.42075983E+00  0.50679188E+00  0.45756258E-01  0.48125000E+00
  0.38797602E+00 -0.50515028E-01  0.28022206E+00  0.94926646E+00  0.61537122E+01  0.48125000E+00
  0.32666646E+00 -0.28022524E+00 -0.21532394E+00  0.20346818E+01  0.55741614E+01  0.48125000E+00
 -0.10359951E+00  0.16207155E+00 -0.44113662E+00  0.27304069E+01  0.21395565E+01  0.48125000E+00
  0.40356892E+00 -0.22639633E+00  0.13220588E+00  0.12925046E+01  0.57719470E+01  0.48125000E+00
  0.76348850E-01  0.40482885E+00 -0.24876900E+00  0.21140484E+01  0.13843904E+01  0.48125000E+00
  0.41960008E+00 -0.23558989E+00 -0.58936163E-02  0.15830431E+01  0.57715840E+01  0.48125000E+00
 -0.17471018E+00 -0.28142579E+00 -0.34910950E+00  0.23824441E+01  0.41568129E+01  0.48125000E+00
  0.51466357E-01 -0.16720111E-02  0.47848718E+00  0.10720473E+00  0.62507093E+01  0.48125000E+00
  0.76453017E-02  0.17098153E-01  0.48088540E+00  0.38928456E-01  0.11503217E+01  0.48125000E+00
 -0.32955959E+00  0.35016847E+00 -0.19341073E-01  0.16109964E+01  0.23258845E+01  0.48125000E+00
 -0.42095007E-01 -0.52679495E-01  0.47650230E+00  0.14058172E+00  0.40382107E+01  0.48125000E+00
  0.19574737E+00 -0.43853132E+00  0.31221984E-01  0.15058739E+01  0.51322204E+01  0.48125000E+00
 -0.10490726E+00  0.20562371E+00  0.42227351E+00  0.50027340E+00  0.20425631E+01  0.48125000E+00
  0.84515105E-01  0.11615206E+00 -0.45931194E+00  0.28384881E+01  0.94176990E+00  0.48125000E+00
 -0.20957775E+00  0.96327283E-01 -0.42237399E+00  0.26417547E+01  0.27107630E+01  0.48125000E+00
 -0.41268118E+00 -0.66372421E-01 -0.23851731E+00  0.20893453E+01  0.33010592E+01  0.48125000E+00
 -0.42145486E+00 -0.21803122E+00 -0.80248048E-01  0.17383281E+01  0.36190079E+01  0.48125000E+00
  0.86100993E-01 -0.45352174E+00  0.13603753E+00  0.12842142E+01  0.49000059E+01  0.48125000E+00
 -0.47936318E+00 -0.41935113E-01  0.73448113E-02  0.15555338E+01  0.32288514E+01  0.48125000E+00
 -0.24840624E+00 -0.40781768E+00  0.59838452E-01  0.14461340E+01  0.41652971E+01  0.48125000E+00
  0.91235449E-01  0.10061998E+00  0.46168525E+00  0.28612061E+00  0.83427382E+00  0.48125000E+00
  0.13407549E+00  0.37170056E+00 -0.27470715E+00  0.21783006E+01  0.12246138E+01  0.48125000E+00
 -0.77596170E-01 -0.95259047E-01 -0.46530217E+00  0.28834338E+01  0.40288205E+01  0.48125000E+00
  0.12192399E+00 -0.27157002E+00 -0.37813467E+00  0.24746788E+01  0.51343775E+01  0.48125000E+00
 -0.18251964E+00  0.44367779E+00 -0.37923160E-01  0.16496795E+01  0.19610734E+01  0.48125000E+00
 -0.93270021E-01  0.12480623E+00  0.45533029E+00  0.32969586E+00  0.22125791E+01  0.48125000E+00
 -0.13955720E+00 -0.43238972E+00  0.15863316E+00  0.12348875E+01  0.44001863E+01  0.48125000E+00
  0.19979076E+00 -0.34811646E-01  0.43643254E+00  0.43499343E+00  0.61106767E+01  0.48125000E+00
 -0.39928282E+00  0.24428588E+00 -0.11179983E+00  0.18052497E+01  0.25925333E+01  0.48125000E+00
  0.40434826E+00  0.84385217E-01  0.24694773E+00  0.10319593E+01  0.20574141E+00  0.48125000E+00
  0.19319700E+00 -0.43915922E+00 -0.37625219E-01  0.16490585E+01  0.51268328E+01  0.48125000E+00
  0.17786267E-01  0.39399824E+00 -0.27577273E+00  0.21809998E+01  0.15256839E+01  0.48125000E+00
 -0.49449278E-01 -0.61353515E-01 -0.47475476E+00  0.29771112E+01  0.40340165E+01  0.48125000E+00
  0.16901406E+00  0.18672884E+00  0.41008310E+00  0.55077206E+00  0.83515365E+00  0.48125000E+00
  0.21764191E+00  0.19925536E+00  0.38017215E+00  0.66003936E+00  0.74132341E+00  0.48125000E+00
 -0.42039440E-01 -0.35099212E-02 -0.47939746E+00  0.30538214E+01  0.32248906E+01  0.48125000E+00
  0.25247403E+00  0.17759084E+00  0.36921527E+00  0.69633116E+00  0.61300582E+00  0.48125000E+00
  0.67914395E-01  0.49934776E-01  0.47380979E+00  0.17606920E+00  0.63400093E+00  0.48125000E+00
  0.50065269E-01 -0.19968947E-01  0.47822199E+00  0.11223704E+00  0.59036636E+01  0.48125000E+00
  0.27099989E+00  0.38755239E+00 -0.89239930E-01  0.17573094E+01  0.96056718E+00  0.48125000E+00
  0.18724150E+00  0.23870819E+00 -0.37357808E+00  0.24595174E+01  0.90564335E+00  0.48125000E+00
  0.24753157E+00  0.18733293E+00  0.36774455E+00  0.70108226E+00  0.64784157E+00  0.48125000E+00
  0.60990859E-01  0.46847829E+00 -0.91704786E-01  0.17625242E+01  0.14413352E+01  0.48125000E+00
 -0.25173036E-01  0.42916999E+00 -0.21628915E+00  0.20369257E+01  0.16293844E+01  0.48125000E+00
 -0.34631750E+00 -0.28349866E+00  0.17690184E+00  0.11943820E+01  0.38275781E+01  0.48125000E+00
  0.31225204E-01 -0.46133358E+00 -0.13340869E+00  0.18516884E+01  0.47799706E+01  0.48125000E+00
 -0.14386731E+00  0.17026407E+00  0.42651366E+00  0.48158442E+00  0.22723605E+01  0.48125000E+00
  0.35218491E+00  0.32526257E+00 -0.42090528E-01  0.16583691E+01  0.74567822E+00  0.48125000E+00
 -0.42262623E+00  0.70013504E-01  0.21928689E+00  0.10976816E+01  0.29774207E+01  0.48125000E+00
 -0.29745664E+00  0.33737977E+00 -0.17116074E+00  0.19344151E+01  0.22933899E+01  0.48125000E+00
  0.32519507E-01 -0.38461594E-01  0.47860709E+00  0.10485025E+00  0.54142682E+01  0.48125000E+00
 -0.27967272E+00  0.69909080E-01  0.38535367E+00  0.64227526E+00  0.28966446E+01  0.48125000E+00
  0.46359305E+00 -0.24167713E-01 -0.12688172E+00  0.18376008E+01  0.62311011E+01  0.48125000E+00
 -0.10430398E-01  0.26744888E+00  0.39995483E+00  0.58975857E+00  0.16097762E+01  0.48125000E+00
  0.36192899E+00 -0.29194450E+00  0.12400557E+00  0.13101823E+01  0.56044119E+01  0.48125000E+00
 -0.84834421E-01 -0.45600112E-01  0.47151385E+00  0.20149214E+00  0.36348030E+01  0.48125000E+00
 -0.37660249E+00 -0.28841422E+00 -0.81174885E-01  0.17402817E+01  0.37951494E+01  0.48125000E+00
 -0.43765228E-01  0.12304997E+00 -0.46318989E+00  0.28667669E+01  0.19125137E+01  0.48125000E+00
  0.34909263E+00  0.28158136E+00  0.17449309E+00  0.11997583E+01  0.67875802E+00  0.48125000E+00
 -0.16150466E+00 -0.43308747E+00 -0.13398901E+00  0.18529437E+01  0.43554478E+01  0.48125000E+00
  0.34252508E-01  0.27729150E+00  0.39183894E+00  0.61942782E+00  0.14478936E+01  0.48125000E+00
  0.10654539E+00 -0.22363050E+00  0.41260034E+00  0.54069459E+00  0.51570074E+01  0.48125000E+00
 -0.22600234E+00 -0.26888126E+00 -0.32897929E+00  0.23234710E+01  0.40134194E+01  0.48125000E+00
  0.26186976E+00 -0.56617592E-01  0.39977524E+00  0.59042923E+00  0.60702575E+01  0.48125000E+00
  0.10311710E+00  0.19075667E+00  0.42962812E+00  0.46742003E+00  0.10752228E+01  0.48125000E+00
 -0.45188479E-01 -0.39483944E-01 -0.47749406E+00  0.30165749E+01  0.38597207E+01  0.48125000E+00
 -0.42289268E+00 -0.20431245E+00  0.10497509E+00  0.13508984E+01  0.35916540E+01  0.48125000E+00
  0.78274704E-01  0.26041955E+00 -0.39705956E+00  0.25411026E+01  0.12788153E+01  0.48125000E+00
 -0.17314803E+00 -0.32456724E-01 -0.44784806E+00  0.27668268E+01  0.33268930E+01  0.48125000E+00
 -0.38830637E+00  0.46836834E-01  0.28040334E+00  0.94880304E+00  0.30215543E+01  0.48125000E+00
 -0.32808387E-02  0.14453570E+00 -0.45902095E+00  0.28364688E+01  0.15934916E+01  0.48125000E+00
 -0.11528031E+00  0.11205483E+00  0.45360305E+00  0.34060781E+00  0.23703817E+01  0.48125000E+00
 -0.12492912E+00 -0.21940511E+00 -0.40970193E+00  0.25893091E+01  0.41947739E+01  0.48125000E+00
 -0.41160372E+00  0.55315540E-02  0.24930572E+00  0.10262409E+01  0.31281544E+01  0.48125000E+00
  0.30938854E+00  0.13607057E+00  0.34258589E+00  0.77864364E+00  0.41434334E+00  0.48125000E+00
 -0.52229654E-01  0.43028600E+00  0.20911141E+00  0.11212942E+01  0.16915890E+01  0.48125000E+00
 -0.22333092E+00 -0.37285356E+00  0.20665208E+00  0.11269604E+01  0.41727216E+01  0.48125000E+00
 -0.69539231E-01 -0.36458660E-01 -0.47480167E+00  0.29777076E+01  0.36244822E+01  0.48125000E+00
  0.53567779E-01  0.28998361E+00 -0.38031771E+00  0.24820468E+01  0.13881286E+01  0.48125000E+00
  0.12694403E+00 -0.42227360E+00 -0.19279986E+00  0.19829931E+01  0.50044148E+01  0.48125000E+00
 -0.14101324E+00  0.13581409E+00  0.43962639E+00  0.41896772E+00  0.23749735E+01  0.48125000E+00
 -0.53130564E-02  0.29623476E-02 -0.48121155E+00  0.31289521E+01  0.26329638E+01  0.48125000E+00
  0.23004402E+00 -0.20492532E+00  0.36971195E+00  0.69472057E+00  0.55554713E+01  0.48125000E+00
  0.15413678E+00 -0.70017645E-01  0.45048967E+00  0.35947274E+00  0.58567973E+01  0.48125000E+00
 -0.14909636E+00 -0.40612962E+00 -0.21078560E+00  0.20241646E+01  0.43605488E+01  0.48125000E+00
 -0.24973535E-01 -0.17489221E+00 -0.44765009E+00  0.27657046E+01  0.45705539E+01  0.48125000E+00
  0.33004835E+00 -0.57400822E-01 -0.34550658E+00  0.23716287E+01  0.61109912E+01  0.48125000E+00
 -0.37027865E+00 -0.12446428E+00 -0.28107638E+00  0.21945115E+01  0.34658642E+01  0.48125000E+00
  0.24299452E+00 -0.14669036E+00 -0.38863500E+00  0.25107881E+01  0.57400660E+01  0.48125000E+00
  0.10672451E-01  0.17959284E-01  0.48079635E+00  0.43423674E-01  0.10346095E+01  0.48125000E+00
  0.37220104E+00  0.10777296E+00 -0.28539962E+00  0.22056233E+01  0.28184760E+00  0.48125000E+00
  0.11937243E+00  0.12405042E-01  0.46604495E+00  0.25204241E+00  0.10354715E+00  0.48125000E+00
  0.12917974E+00  0.45960670E+00  0.60628655E-01  0.14444791E+01  0.12967995E+01  0.48125000E+00
  0.40994727E+00 -0.11120654E-01  0.25183553E+00  0.10200837E+01  0.62560649E+01  0.48125000E+00
  0.28640307E+00 -0.37743101E+00 -0.84384085E-01  0.17470510E+01  0.53615125E+01  0.48125000E+00
  0.14250276E+00 -0.17583026E+00 -0.42470960E+00  0.26519765E+01  0.53934733E+01  0.48125000E+00
 -0.18023566E+00 -0.44619085E+00 -0.55128852E-02  0.15822519E+01  0.43284881E+01  0.48125000E+00
 -0.29471538E+00 -0.75173341E-01 -0.37295224E+00  0.24574571E+01  0.33913383E+01  0.48125000E+00
  0.21706183E+00  0.35944238E+00 -0.23513167E+00  0.20812639E+01  0.10275252E+01  0.48125000E+00
  0.18822277E+00  0.63876141E-01 -0.43828483E+00  0.27158244E+01  0.32716881E+00  0.48125000E+00
  0.15100566E+00  0.31466608E+00  0.33133686E+00  0.81138839E+00  0.11233643E+01  0.48125000E+00
 -0.33996284E+00 -0.18488499E+00 -0.28608455E+00  0.22073920E+01  0.36396933E+01  0.48125000E+00
  0.27327678E+00  0.36760962E+00 -0.14759584E+00  0.18825126E+01  0.93154001E+00  0.48125000E+00
 -0.85600503E-02 -0.26845024E+00 -0.39932788E+00  0.25494958E+01  0.46805129E+01  0.48125000E+00
  0.18470070E+00 -0.35930080E+00 -0.26151510E+00  0.21452878E+01  0.51872180E+01  0.48125000E+00
  0.64178760E-01  0.37961028E-01 -0.47543833E+00  0.29860255E+01  0.53413787E+00  0.48125000E+00
  0.40383990E+00  0.64561654E-01  0.25366649E+00  0.10156129E+01  0.15852795E+00  0.48125000E+00
  0.25614494E-02  0.40246286E+00 -0.26385345E+00  0.21510868E+01  0.15644320E+01  0.48125000E+00
  0.37604414E+00  0.15712234E+00 -0.25593933E+00  0.21315469E+01  0.39578154E+00  0.48125000E+00
 -0.24573463E-01 -0.99430626E-01 -0.47022469E+00  0.29271270E+01  0.44701022E+01  0.48125000E+00
 -0.23214100E+00 -0.39367928E+00  0.15076056E+00  0.12521633E+01  0.41795994E+01  0.48125000E+00
  0.11480884E+00  0.84185724E-01 -0.45970997E+00  0.28412714E+01  0.63270677E+00  0.48125000E+00
  0.47652055E+00  0.56542632E-01  0.36505655E-01  0.14948675E+01  0.11810506E+00  0.48125000E+00
  0.12663410E+00  0.20737695E+00 -0.41540362E+00  0.26123236E+01  0.10225849E+01  0.48125000E+00
 -0.35611896E+00  0.10537022E+00 -0.30606857E+00  0.22600827E+01  0.28539154E+01  0.48125000E+00
  0.31110230E-01  0.86774068E-01  0.47233884E+00  0.19273884E+00  0.12265517E+01  0.48125000E+00
  0.15237959E+00  0.15680149E+00 -0.42871356E+00  0.26699725E+01  0.79969918E+00  0.48125000E+00
  0.42506989E-01  0.43850672E-01  0.47735923E+00  0.12724487E+00  0.80095642E+00  0.48125000E+00
  0.18732717E+00  0.30328917E+00  0.32330446E+00  0.83415820E+00  0.10174984E+01  0.48125000E+00
  0.34584335E+00 -0.29726249E+00  0.15371710E+00  0.12456872E+01  0.55731849E+01  0.48125000E+00
  0.12539966E+00  0.27569654E+00  0.37398918E+00  0.68071907E+00  0.11439192E+01  0.48125000E+00
  0.21690987E+00  0.42957433E+00  0.41911328E-02  0.15620874E+01  0.11032034E+01  0.48125000E+00
 -0.15037144E-01 -0.42594725E-01  0.47912539E+00  0.94000351E-01  0.43730189E+01  0.48125000E+00
  0.59471176E-01 -0.20988256E+00 -0.42896859E+00  0.26711403E+01  0.49885056E+01  0.48125000E+00
  0.75219551E-01  0.22983319E+00  0.41607726E+00  0.52649010E+00  0.12545046E+01  0.48125000E+00
 -0.26026033E+00  0.35869763E+00 -0.18762231E+00  0.19712808E+01  0.21984782E+01  0.48125000E+00
  0.18296100E+00 -0.14606280E+00 -0.42046700E+00  0.26335485E+01  0.56094650E+01  0.48125000E+00
  0.24623939E+00  0.17609148E+00 -0.37411163E+00  0.24612780E+01  0.62080376E+00  0.48125000E+00
  0.43577172E+00 -0.10955427E+00 -0.17234394E+00  0.19370470E+01  0.60368867E+01  0.48125000E+00
 -0.37049859E+00  0.15831260E+00  0.26319095E+00  0.99215102E+00  0.27377788E+01  0.48125000E+00
 -0.37372858E-01 -0.47937949E+00 -0.20003481E-01  0.16123740E+01  0.46345854E+01  0.48125000E+00
 -0.19681928E+00  0.21663723E+00 -0.38201053E+00  0.24878087E+01  0.23082988E+01  0.48125000E+00
 -0.35815145E+00 -0.25934156E+00 -0.18992383E+00  0.19764799E+01  0.37683182E+01  0.48125000E+00
  0.25997640E+00  0.30817094E+00 -0.26276321E+00  0.21483804E+01  0.87002311E+00  0.48125000E+00
 -0.20796174E+00 -0.29846746E+00  0.31507246E+00  0.85701592E+00  0.41038373E+01  0.48125000E+00
  0.67858084E-01 -0.86172808E-01 -0.46858413E+00  0.29116581E+01  0.53794399E+01  0.48125000E+00
  0.34131081E+00  0.33399875E+00 -0.59609811E-01  0.16949798E+01  0.77457087E+00  0.48125000E+00
  0.37646895E+00 -0.29088100E+00 -0.72532341E-01  0.17220894E+01  0.56253413E+01  0.48125000E+00
  0.31983974E-02 -0.81506332E-01  0.47428689E+00  0.17031638E+00  0.47516099E+01  0.48125000E+00
 -0.10729576E+00 -0.25795219E-02 -0.46912954E+00  0.29166847E+01  0.31656293E+01  0.48125000E+00
 -0.34270333E+00  0.76014603E-01 -0.32920779E+00  0.23241217E+01  0.29233177E+01  0.48125000E+00
  0.17526566E+00  0.44579627E+00  0.46359449E-01  0.14743154E+01  0.11962074E+01  0.48125000E+00
 -0.99271314E-01  0.35065137E+00 -0.31430938E+00  0.22824810E+01  0.18466824E+01  0.48125000E+00
  0.11454649E+00 -0.35471351E+00  0.30439939E+00  0.88599619E+00  0.50247446E+01  0.48125000E+00
 -0.76335638E-01 -0.45129405E+00 -0.14868797E+00  0.18848978E+01  0.45448267E+01  0.48125000E+00
 -0.61543177E-01  0.29036545E-01  0.47641461E+00  0.14187627E+00  0.27007522E+01  0.48125000E+00
 -0.11599200E+00 -0.52657373E-01  0.46408471E+00  0.26788881E+00  0.35677466E+01  0.48125000E+00
  0.33741376E-01  0.27019150E+00 -0.39681184E+00  0.25401923E+01  0.14465600E+01  0.48125000E+00
 -0.25886286E+00 -0.27380555E+00  0.29936952E+00  0.89941702E+00  0.39550360E+01  0.48125000E+00
  0.38485369E+00  0.28868195E+00 -0.12326013E-01  0.15964116E+01  0.64357042E+00  0.48125000E+00
 -0.13864484E+00  0.92630356E-01 -0.45144079E+00  0.27877807E+01  0.25525897E+01  0.48125000E+00
 -0.19843664E-02  0.20230704E-01  0.48082049E+00  0.42252136E-01  0.16685704E+01  0.48125000E+00
 -0.21623229E-01  0.44238150E-01 -0.47872433E+00  0.30390964E+01  0.20254369E+01  0.48125000E+00
 -0.39459055E+00  0.17075775E+00 -0.21619818E+00  0.20367141E+01  0.27331788E+01  0.48125000E+00
 -0.72531994E-02 -0.48994919E-01  0.47869453E+00  0.10309973E+00  0.45654166E+01  0.48125000E+00
 -0.39945736E+00  0.65134756E-01 -0.26037058E+00  0.21424574E+01  0.29799571E+01  0.48125000E+00
  0.31431802E+00  0.17022798E+00 -0.32222380E+00  0.23044071E+01  0.49635484E+00  0.48125000E+00
 -0.35597267E+00 -0.28490462E+00 -0.15399474E+00  0.18965143E+01  0.38165502E+01  0.48125000E+00
 -0.43707675E+00  0.20122795E+00  0.85313957E-02  0.15530678E+01  0.27101279E+01  0.48125000E+00
  0.18953630E+00  0.19035358E+00 -0.39930323E+00  0.25494040E+01  0.78754951E+00  0.48125000E+00
  0.28099393E+00 -0.30517799E+00 -0.24394747E+00  0.21023855E+01  0.54565529E+01  0.48125000E+00
 -0.46727838E-01  0.55541736E-01 -0.47574488E+00  0.29901919E+01  0.22702239E+01  0.48125000E+00
 -0.65539013E-01 -0.21505094E+00  0.42551062E+00  0.48606503E+00  0.44165706E+01  0.48125000E+00
 -0.31446321E+00 -0.19228605E+00  0.30941966E+00  0.87245268E+00  0.36904062E+01  0.48125000E+00
 -0.42094441E+00  0.78291958E-01 -0.21972195E+00  0.20449269E+01  0.29577027E+01  0.48125000E+00
  0.48373681E-01  0.49317264E-02 -0.47878725E+00  0.30403822E+01  0.10159958E+00  0.48125000E+00
  0.98949754E-01 -0.33517564E+00  0.33085918E+00  0.81275611E+00  0.49994525E+01  0.48125000E+00
  0.19287785E+00  0.36492989E+00  0.24743862E+00  0.10307705E+01  0.10845830E+01  0.48125000E+00
  0.37912765E+00  0.22243977E+00 -0.19591920E+00  0.19900784E+01  0.53059362E+00  0.48125000E+00
 -0.40488848E+00  0.18795970E+00  0.17982778E+00  0.11878359E+01  0.27069717E+01  0.48125000E+00
  0.62476132E-02  0.39784150E+00  0.27071142E+00  0.97336906E+00  0.15550938E+01  0.48125000E+00
  0.28346802E+00  0.73731035E-01 -0.38185230E+00  0.24872683E+01  0.25446504E+00  0.48125000E+00
 -0.13094585E+00  0.23103293E+00 -0.40134590E+00  0.25570518E+01  0.20864344E+01  0.48125000E+00
  0.25021524E-01  0.20747655E-01 -0.48015104E+00  0.30739994E+01  0.69228940E+00  0.48125000E+00
  0.55357790E-01 -0.16152130E-01 -0.47778257E+00  0.30214784E+01  0.59992895E+01  0.48125000E+00
 -0.23666184E+00  0.41087450E+00  0.82309679E-01  0.13989182E+01  0.20933784E+01  0.48125000E+00
  0.19781286E+00 -0.68152690E-01 -0.43338995E+00  0.26918305E+01  0.59513908E+01  0.48125000E+00
 -0.36295076E+00 -0.13610973E+00 -0.28520599E+00  0.22051236E+01  0.35003710E+01  0.48125000E+00
 -0.16660265E+00 -0.18665678E+00 -0.41110140E+00  0.25948772E+01  0.39836988E+01  0.48125000E+00
  0.20034453E-02  0.30508609E-02  0.48123616E+00  0.75842166E-02  0.98973812E+00  0.48125000E+00
 -0.32344710E-01 -0.53143672E-01 -0.47721183E+00  0.30119565E+01  0.41656497E+01  0.48125000E+00
 -0.67492602E-01 -0.14925429E+00 -0.45251460E+00  0.27942779E+01  0.42877081E+01  0.48125000E+00
  0.61624674E-01  0.41560745E+00 -0.23467938E+00  0.20801871E+01  0.14235927E+01  0.48125000E+00
 -0.11730092E+00 -0.31828602E+00  0.34137379E+00  0.78222336E+00  0.43592945E+01  0.48125000E+00
  0.89061180E-01  0.98783613E-01  0.46250564E+00  0.28001722E+00  0.83710982E+00  0.48125000E+00
  0.36715083E-03  0.95920449E-03  0.48124890E+00  0.21341732E-02  0.12052346E+01  0.48125000E+00
  0.69721635E-01  0.17899443E-01  0.47583618E+00  0.15013767E+00  0.25130009E+00  0.48125000E+00
 -0.25887470E+00  0.34393729E+00  0.21515714E+00  0.11072983E+01  0.22160104E+01  0.48125000E+00
  0.90399341E-01 -0.46802383E+00 -0.66205889E-01  0.17088047E+01  0.49031905E+01  0.48125000E+00
  0.46257057E-01  0.83524304E-01  0.47168373E+00  0.19972069E+00  0.10650284E+01  0.48125000E+00
  0.58138839E-01 -0.26685766E-01  0.47697936E+00  0.13332080E+00  0.58528717E+01  0.48125000E+00
  0.36083044E+00  0.69594157E-01  0.31074042E+00  0.86886404E+00  0.19053259E+00  0.48125000E+00
  0.33068438E+00  0.34420187E+00 -0.61436730E-01  0.16988064E+01  0.80542477E+00  0.48125000E+00
  0.14725679E+00  0.17457399E+00  0.42360468E+00  0.49447599E+00  0.87007583E+00  0.48125000E+00
  0.34769741E+00  0.12679160E+00 -0.30762309E+00  0.22642757E+01  0.34967546E+00  0.48125000E+00
  0.43214788E+00  0.16164259E+00  0.13682633E+00  0.12825050E+01  0.35793282E+00  0.48125000E+00
 -0.13140928E+00 -0.28413847E+00 -0.36551128E+00  0.24333465E+01  0.42792026E+01  0.48125000E+00
  0.24278110E-01 -0.27232573E-01  0.47986511E+00  0.75882498E-01  0.54404936E+01  0.48125000E+00
 -0.25515487E+00 -0.37996454E+00 -0.14874309E+00  0.18850182E+01  0.41210319E+01  0.48125000E+00
 -0.33610172E-01  0.17346031E+00  0.44764209E+00  0.37593328E+00  0.17621875E+01  0.48125000E+00
 -0.64947801E-01 -0.16123308E+00  0.44876189E+00  0.36954371E+00  0.43294545E+01  0.48125000E+00
 -0.44526346E+00  0.16610657E+00  0.75832857E-01  0.14125621E+01  0.27845306E+01  0.48125000E+00
 -0.37709239E+00 -0.26271179E+00  0.14277747E+00  0.12695816E+01  0.37500853E+01  0.48125000E+00
 -0.23184643E+00  0.42139290E+00 -0.16637754E-01  0.16053752E+01  0.20737859E+01  0.48125000E+00
  0.20330958E+00  0.15587650E+00  0.40739330E+00  0.56136074E+00  0.65410076E+00  0.48125000E+00
 -0.27462259E+00 -0.27958052E-03 -0.39520111E+00  0.25343020E+01  0.31426107E+01  0.48125000E+00
  0.29616330E+00 -0.61055759E-01 -0.37438090E+00  0.24621680E+01  0.60798779E+01  0.48125000E+00
 -0.20073167E+00  0.31611611E+00 -0.30228953E+00  0.22499492E+01  0.21365497E+01  0.48125000E+00
 -0.46512032E+00 -0.10256480E+00 -0.68884802E-01  0.17144269E+01  0.33586316E+01  0.48125000E+00
  0.34787369E+00  0.33167566E+00 -0.24014870E-01  0.16207181E+01  0.76156625E+00  0.48125000E+00
  0.16880287E+00  0.23949809E-01 -0.45003729E+00  0.27794572E+01  0.14093966E+00  0.48125000E+00
  0.39661764E+00  0.24926780E+00  0.11027950E+00  0.13395897E+01  0.56110067E+00  0.48125000E+00
  0.80455901E-01  0.15253285E+00 -0.44929071E+00  0.27751032E+01  0.10854181E+01  0.48125000E+00
 -0.95543041E-02  0.48115508E+00 -0.26688853E-03  0.15713509E+01  0.15906507E+01  0.48125000E+00
  0.67327177E-01 -0.17079558E+00 -0.44485670E+00  0.27501970E+01  0.50878831E+01  0.48125000E+00
  0.12345857E+00 -0.95948365E-01 -0.45514114E+00  0.28106849E+01  0.56225206E+01  0.48125000E+00
 -0.41276197E+00 -0.90560808E-01 -0.23027778E+00  0.20697412E+01  0.33575725E+01  0.48125000E+00
  0.13078501E+00 -0.36384260E+00  0.28655785E+00  0.93297703E+00  0.50574619E+01  0.48125000E+00
 -0.32773531E+00  0.23646173E+00 -0.26129864E+00  0.21447521E+01  0.25165810E+01  0.48125000E+00
  0.39900115E+00  0.16958840E-01 -0.26853685E+00  0.21627684E+01  0.42477668E-01  0.48125000E+00
  0.10712948E+00  0.13878128E+00 -0.44817920E+00  0.27687111E+01  0.91340692E+00  0.48125000E+00
 -0.22544197E+00  0.12347241E-01  0.42500003E+00  0.48833132E+00  0.30868783E+01  0.48125000E+00
  0.83761403E-01 -0.12679325E+00 -0.45662792E+00  0.28203293E+01  0.52961896E+01  0.48125000E+00
  0.35366405E+00  0.23124203E+00  0.23032678E+00  0.10717355E+01  0.57907458E+00  0.48125000E+00
 -0.47376872E+00 -0.14523111E-02 -0.84514241E-01  0.17473258E+01  0.31446581E+01  0.48125000E+00
  0.57782113E-01  0.83171979E-01  0.47047339E+00  0.21202372E+00  0.96361568E+00  0.48125000E+00
 -0.44844826E+00 -0.13732867E+00  0.10787288E+00  0.13447241E+01  0.34387559E+01  0.48125000E+00
  0.34219189E+00  0.51362086E-01  0.33446705E+00  0.80238134E+00  0.14898513E+00  0.48125000E+00
  0.58485080E-01  0.19930449E+00  0.43411839E+00  0.44626784E+00  0.12853633E+01  0.48125000E+00
  0.37701830E+00 -0.33770243E-01  0.29718401E+00  0.90520391E+00  0.61938518E+01  0.48125000E+00
  0.58504132E-01  0.92220282E-01  0.46869420E+00  0.22892893E+00  0.10054692E+01  0.48125000E+00
  0.24846901E+00 -0.24955937E+00 -0.32800127E+00  0.23206902E+01  0.54955978E+01  0.48125000E+00
 -0.13321462E+00  0.16097535E+00 -0.43352320E+00  0.26924678E+01  0.22621098E+01  0.48125000E+00
 -0.23784921E+00 -0.64533673E-01 -0.41335786E+00  0.26039639E+01  0.34065361E+01  0.48125000E+00
 -0.31077169E+00 -0.16666994E+00  0.32748077E+00  0.82237950E+00  0.36338645E+01  0.48125000E+00
  0.35245820E+00  0.17834063E+00  0.27489889E+00  0.96280675E+00  0.46842880E+00  0.48125000E+00
  0.15746769E+00  0.13551736E+00 -0.43409738E+00  0.26952237E+01  0.71061824E+00  0.48125000E+00
 -0.39531440E-01  0.43869861E+00 -0.19386170E+00  0.19854025E+01  0.16606643E+01  0.48125000E+00
  0.28817139E+00  0.24474011E+00  0.29776013E+00  0.90368099E+00  0.70407976E+00  0.48125000E+00
 -0.15035914E+00 -0.30738295E+00 -0.33839240E+00  0.23506186E+01  0.42574517E+01  0.48125000E+00
  0.78259340E-01 -0.65008419E-01 -0.47037320E+00  0.29285818E+01  0.55900153E+01  0.48125000E+00
 -0.25317580E+00  0.98230359E-01  0.39730891E+00  0.59957244E+00  0.27714801E+01  0.48125000E+00
  0.30537855E+00  0.37189432E+00 -0.63338284E-02  0.15839579E+01  0.88329539E+00  0.48125000E+00
  0.28229331E+00  0.14635625E+00 -0.36123662E+00  0.24197986E+01  0.47830200E+00  0.48125000E+00
  0.26575624E+00  0.38421345E+00  0.11556472E+00  0.13282919E+01  0.96566998E+00  0.48125000E+00
 -0.15277515E+00  0.45576086E+00 -0.23309919E-01  0.16192515E+01  0.18942340E+01  0.48125000E+00
  0.29709500E+00  0.36801165E+00  0.88901898E-01  0.13849980E+01  0.89162132E+00  0.48125000E+00
  0.21727187E+00  0.10727523E+00  0.41579625E+00  0.52765096E+00  0.45862490E+00  0.48125000E+00
 -0.43552639E+00 -0.17691158E+00 -0.10305638E+00  0.17866109E+01  0.35274339E+01  0.48125000E+00
  0.16425007E+00  0.18034810E+00 -0.41484701E+00  0.26100373E+01  0.83207958E+00  0.48125000E+00
 -0.37735070E-03  0.14978534E-01 -0.48101670E+00  0.31104535E+01  0.15959838E+01  0.48125000E+00
  0.11813187E+00 -0.11022973E+00  0.45331648E+00  0.34238589E+00  0.55323770E+01  0.48125000E+00
  0.45414164E-03 -0.10694546E-01  0.48113094E+00  0.22244295E-01  0.47548283E+01  0.48125000E+00
  0.27098724E-01  0.47323867E+00  0.83140740E-01  0.13971652E+01  0.15135965E+01  0.48125000E+00
  0.57733956E-01 -0.86959726E-01  0.46979395E+00  0.21863129E+00  0.52984849E+01  0.48125000E+00
 -0.39732549E+00  0.45800553E-01  0.26764963E+00  0.98104415E+00  0.30268271E+01  0.48125000E+00
 -0.72229092E-01 -0.30576622E-02 -0.47578900E+00  0.29908010E+01  0.31839002E+01  0.48125000E+00
  0.43823224E+00  0.28556804E-01 -0.19682118E+00  0.19921313E+01  0.65071631E-01  0.48125000E+00
 -0.21274356E+00  0.29222792E+00  0.31771777E+00  0.84972095E+00  0.22000718E+01  0.48125000E+00
 -0.31104672E-02  0.14901183E+00  0.45758864E+00  0.31488005E+00  0.15916673E+01  0.48125000E+00
 -0.28088813E+00  0.38729173E+00  0.52043586E-01  0.14624419E+01  0.21982765E+01  0.48125000E+00
 -0.36910061E+00 -0.17513750E+00  0.25434850E+00  0.10139444E+01  0.35846313E+01  0.48125000E+00
  0.10633067E-01 -0.15589900E-02 -0.48112999E+00  0.31192599E+01  0.61376054E+01  0.48125000E+00
 -0.16642960E+00 -0.24752984E+00 -0.37766616E+00  0.24731065E+01  0.41204540E+01  0.48125000E+00
 -0.20788643E+00  0.85893024E-01 -0.42544939E+00  0.26552553E+01  0.27497822E+01  0.48125000E+00
 -0.59239197E-01 -0.39299275E+00 -0.27138345E+00  0.21699135E+01  0.45627767E+01  0.48125000E+00
 -0.26496876E-01 -0.10670192E+00 -0.46852340E+00  0.29111051E+01  0.44689863E+01  0.48125000E+00
 -0.22227385E+00  0.29067724E+00 -0.31257421E+00  0.22777294E+01  0.22236240E+01  0.48125000E+00
  0.19821841E-01  0.93419018E-01  0.47167949E+00  0.19976503E+00  0.13617151E+01  0.48125000E+00
 -0.72013775E-01  0.58192537E-02 -0.47579588E+00  0.29908961E+01  0.30609603E+01  0.48125000E+00
  0.32477103E+00  0.19373200E+00  0.29764619E+00  0.90398233E+00  0.53785580E+00  0.48125000E+00
  0.20573956E+00  0.17742626E+00  0.39723132E+00  0.59985811E+00  0.71163914E+00  0.48125000E+00
 -0.23956459E+00 -0.19295321E+00  0.37010732E+00  0.69343625E+00  0.38196376E+01  0.48125000E+00
  0.30447633E-02 -0.31618027E-02 -0.48122998E+00  0.31324715E+01  0.54789320E+01  0.48125000E+00
  0.65184210E-01 -0.42689511E+00 -0.21239855E+00  0.20278963E+01  0.48639123E+01  0.48125000E+00
 -0.70496940E-03  0.43052783E-04  0.48124948E+00  0.14676012E-02  0.30805980E+01  0.48125000E+00
  0.45297690E+00 -0.11158227E+00 -0.11816465E+00  0.18188699E+01  0.60416628E+01  0.48125000E+00
  0.53618832E-01  0.42351448E-01  0.47637479E+00  0.14246025E+00  0.66852825E+00  0.48125000E+00
 -0.45338254E+00  0.80597793E-01  0.13982072E+00  0.12760088E+01  0.29656606E+01  0.48125000E+00
  0.56178796E-01  0.18468846E+00  0.44083521E+00  0.41274993E+00  0.12755078E+01  0.48125000E+00
 -0.42894472E-01 -0.36871363E+00  0.30628727E+00  0.88092094E+00  0.45965741E+01  0.48125000E+00
  0.47236113E+00 -0.18721424E-01 -0.90144509E-01  0.17592226E+01  0.62435723E+01  0.48125000E+00
  0.11131705E+00  0.46819845E+00 -0.53917978E-03  0.15719167E+01  0.13373741E+01  0.48125000E+00
 -0.10255273E+00 -0.12704212E-01 -0.47002458E+00  0.29251819E+01  0.32648445E+01  0.48125000E+00
  0.51537209E-01  0.79008040E-01  0.47191441E+00  0.19729003E+00  0.99280358E+00  0.48125000E+00
  0.30746220E+00 -0.37007131E+00  0.10760396E-01  0.15484352E+01  0.54056414E+01  0.48125000E+00
  0.12484635E+00 -0.42473420E+00 -0.18872153E+00  0.19737625E+01  0.49982769E+01  0.48125000E+00
  0.20907863E+00 -0.29462813E+00  0.31793388E+00  0.84912290E+00  0.53295526E+01  0.48125000E+00
  0.26410493E+00  0.62905671E-01 -0.39735755E+00  0.25421993E+01  0.23382754E+00  0.48125000E+00
  0.10521306E+00 -0.11141598E+00 -0.45619980E+00  0.28175238E+01  0.54691611E+01  0.48125000E+00
  0.24942205E+00  0.13485221E-01 -0.41134943E+00  0.25958693E+01  0.54013287E-01  0.48125000E+00
 -0.39820564E+00 -0.15735182E+00  0.21971399E+00  0.10966844E+01  0.35179129E+01  0.48125000E+00
  0.72597693E-01 -0.28982573E-01 -0.47485908E+00  0.29784404E+01  0.59033501E+01  0.48125000E+00
  0.49732434E-01 -0.57018782E-01  0.47526530E+00  0.15787083E+00  0.54296374E+01  0.48125000E+00
 -0.46446704E+00  0.12032921E+00  0.37320343E-01  0.14931696E+01  0.28880964E+01  0.48125000E+00
  0.47424102E-01 -0.36346578E-03 -0.47890749E+00  0.30428860E+01  0.62755213E+01  0.48125000E+00
  0.32289811E+00  0.33106702E+00  0.13316533E+00  0.12904305E+01  0.79788887E+00  0.48125000E+00
 -0.22480758E+00  0.35203883E+00 -0.23902255E+00  0.20905545E+01  0.21391068E+01  0.48125000E+00
 -0.72773574E-01 -0.24605790E-01 -0.47507907E+00  0.29812792E+01  0.34676399E+01  0.48125000E+00
 -0.26109235E+00  0.33844534E+00 -0.22110427E+00  0.20481581E+01  0.22278823E+01  0.48125000E+00
  0.27111232E+00 -0.35493961E-01  0.39603011E+00  0.60426535E+00  0.61530059E+01  0.48125000E+00
  0.60104637E-02  0.42690195E-01 -0.47931512E+00  0.30518906E+01  0.14309231E+01  0.48125000E+00
  0.20943517E+00 -0.26785591E+00 -0.34057552E+00  0.23570188E+01  0.53759923E+01  0.48125000E+00
 -0.16554655E+00  0.14811348E+00 -0.42691720E+00  0.26618217E+01  0.24117169E+01  0.48125000E+00
  0.22282838E+00 -0.31696461E+00 -0.28545142E+00  0.22057569E+01  0.53251303E+01  0.48125000E+00
 -0.45711807E-01  0.25370558E+00 -0.40638095E+00  0.25762927E+01  0.17490603E+01  0.48125000E+00
  0.38042280E+00 -0.24569275E+00 -0.16283467E+00  0.19159675E+01  0.57097392E+01  0.48125000E+00
  0.23982458E+00 -0.35890891E+00 -0.21276779E+00  0.20287515E+01  0.53014555E+01  0.48125000E+00
  0.74185978E-01  0.65026037E-01  0.47103038E+00  0.20645175E+00  0.71969438E+00  0.48125000E+00
  0.32897335E+00  0.33401924E+00 -0.10867036E+00  0.17985693E+01  0.79300879E+00  0.48125000E+00
 -0.43925560E-01 -0.32680789E+00  0.35052633E+00  0.75486157E+00  0.45787818E+01  0.48125000E+00
  0.23264586E+00  0.22305407E+00  0.35738543E+00  0.73382365E+00  0.76435279E+00  0.48125000E+00
  0.33592852E+00  0.13107490E+00  0.31870513E+00  0.84698609E+00  0.37201828E+00  0.48125000E+00
 -0.21490806E-01 -0.27962046E+00  0.39109092E+00  0.62210005E+00  0.46356827E+01  0.48125000E+00
  0.10500900E+00  0.46602338E+00  0.58282797E-01  0.14493912E+01  0.13491679E+01  0.48125000E+00
  0.38031830E+00 -0.17337544E+00  0.23853827E+00  0.10521972E+01  0.58554612E+01  0.48125000E+00
 -0.14084451E-01  0.23787216E+00  0.41811485E+00  0.51800227E+00  0.16299375E+01  0.48125000E+00
 -0.19918018E+00 -0.10146371E+00 -0.42618533E+00  0.26585373E+01  0.36127372E+01  0.48125000E+00
 -0.43091403E-01  0.47757547E+00 -0.40821132E-01  0.16557215E+01  0.16607822E+01  0.48125000E+00
  0.66570163E-01 -0.10179410E+00  0.46562639E+00  0.25550669E+00  0.52915491E+01  0.48125000E+00
  0.30939325E-01  0.18860876E-02 -0.48025073E+00  0.30771392E+01  0.60885504E-01  0.48125000E+00
  0.41526819E+00 -0.46005077E-01  0.23882509E+00  0.10515108E+01  0.61728512E+01  0.48125000E+00
 -0.91461845E-01 -0.12329894E-01  0.47231797E+00  0.19296505E+00  0.32755939E+01  0.48125000E+00
 -0.92732986E-02  0.47225345E+00  0.92153413E-01  0.13781187E+01  0.15904301E+01  0.48125000E+00
  0.39066966E+00 -0.24716896E+00 -0.13373962E+00  0.18524042E+01  0.57190822E+01  0.48125000E+00
  0.36126669E+00 -0.30956747E+00 -0.72497771E-01  0.17220167E+01  0.55747022E+01  0.48125000E+00
  0.13545417E+00  0.42170866E+00  0.18819017E+00  0.11690301E+01  0.12600023E+01  0.48125000E+00
 -0.45984576E+00 -0.84468582E-01  0.11405479E+00  0.13315227E+01  0.33232565E+01  0.48125000E+00
 -0.18839314E+00  0.30158077E+00 -0.32428170E+00  0.23101793E+01  0.21291695E+01  0.48125000E+00
  0.22649249E-01  0.34443271E-01  0.47948121E+00  0.85763070E-01  0.98911004E+00  0.48125000E+00
 -0.17751060E+00  0.43042080E+00 -0.12177637E+00  0.18266194E+01  0.19619565E+01  0.48125000E+00
  0.27911145E+00  0.11870981E+00 -0.37363932E+00  0.24597193E+01  0.40213599E+00  0.48125000E+00
 -0.30184251E-01 -0.15392124E-01  0.48005578E+00  0.70462957E-01  0.36131597E+01  0.48125000E+00
 -0.60713654E-01 -0.25010417E+00  0.40664889E+00  0.56425976E+00  0.44742421E+01  0.48125000E+00
