 VARIABLES = "lfpx","lfpy","lfpz","theta","phi","radfp"
 ZONE T="Zone1" I=         746 , F=POINT
 
  0.47703322E+00 -0.59131265E-01 -0.23331523E-01  0.16192964E+01  0.61598581E+01  0.48125000E+00
 -0.19885867E+00  0.27232882E+00  0.34335667E+00  0.77636050E+00  0.22015145E+01  0.48125000E+00
 -0.45302932E+00  0.14980271E+00 -0.62650969E-01  0.17013507E+01  0.28222420E+01  0.48125000E+00
  0.10822063E+00 -0.13736304E+00 -0.44835394E+00  0.27697090E+01  0.53796736E+01  0.48125000E+00
 -0.38308777E+00  0.14095221E+00 -0.25490742E+00  0.21290169E+01  0.27890284E+01  0.48125000E+00
  0.31938707E+00 -0.35195816E+00 -0.75623508E-01  0.17285901E+01  0.54493090E+01  0.48125000E+00
 -0.11006067E+00  0.46539058E+00 -0.53849947E-01  0.16829271E+01  0.18030208E+01  0.48125000E+00
 -0.14963989E+00 -0.19512819E+00 -0.41368400E+00  0.26052888E+01  0.40581720E+01  0.48125000E+00
  0.10822770E+00 -0.46448136E+00 -0.64384748E-01  0.17049852E+01  0.49413120E+01  0.48125000E+00
  0.22893948E-01 -0.47317853E+00  0.84732003E-01  0.13938072E+01  0.47607346E+01  0.48125000E+00
  0.29138819E+00 -0.32841847E-01  0.38159651E+00  0.65519714E+00  0.61709507E+01  0.48125000E+00
  0.44240071E+00 -0.18502437E+00 -0.40609850E-01  0.16552809E+01  0.58870645E+01  0.48125000E+00
 -0.39344236E+00 -0.27706165E+00  0.64431224E-02  0.15574076E+01  0.37551311E+01  0.48125000E+00
 -0.20675297E+00 -0.34640293E+00  0.26241148E+00  0.99408444E+00  0.41742838E+01  0.48125000E+00
 -0.37941213E+00 -0.13831407E+00 -0.26175793E+00  0.21458890E+01  0.34911689E+01  0.48125000E+00
  0.42907430E+00 -0.19389343E+00 -0.99509509E-01  0.17790719E+01  0.58587626E+01  0.48125000E+00
  0.71363583E-01  0.42140645E+00  0.22119089E+00  0.10932319E+01  0.14030417E+01  0.48125000E+00
 -0.41926357E+00 -0.19397734E+00  0.13487923E+00  0.12867225E+01  0.35749263E+01  0.48125000E+00
  0.34981624E+00 -0.35772144E-01 -0.32855824E+00  0.23222729E+01 -0.10190559E+00  0.48125000E+00
 -0.64620950E-01 -0.38237750E+00 -0.28497919E+00  0.22045387E+01  0.45449731E+01  0.48125000E+00
 -0.46774786E+00 -0.30319784E-02  0.11315613E+00  0.13334444E+01  0.31480746E+01  0.48125000E+00
 -0.43846363E+00  0.10700798E+00 -0.16703443E+00  0.19252569E+01  0.29022198E+01  0.48125000E+00
 -0.43650623E+00  0.15743927E+00 -0.12758038E+00  0.18391061E+01  0.27954348E+01  0.48125000E+00
  0.11932920E-01 -0.46098558E+00 -0.13766432E+00  0.18609043E+01  0.47382689E+01  0.48125000E+00
 -0.15620365E+00  0.20852728E+00 -0.40462125E+00  0.25695029E+01  0.22137085E+01  0.48125000E+00
  0.16626696E+00  0.42668757E+00  0.14796817E+00  0.12582671E+01  0.11992275E+01  0.48125000E+00
 -0.36887242E+00  0.38198061E-01  0.30671748E+00  0.87976141E+00  0.30384069E+01  0.48125000E+00
 -0.32942024E+00 -0.72372817E-01 -0.34328712E+00  0.23650259E+01  0.33578544E+01  0.48125000E+00
 -0.20232857E+00 -0.21017932E+00  0.38273930E+00  0.65129002E+00  0.39460203E+01  0.48125000E+00
 -0.74349975E-02  0.38334112E+00  0.29085369E+00  0.92181983E+00  0.15901891E+01  0.48125000E+00
 -0.30816649E+00 -0.13974835E+00  0.34220663E+00  0.77976512E+00  0.35673395E+01  0.48125000E+00
 -0.34213604E+00 -0.76771253E-01  0.32962200E+00  0.81629030E+00  0.33623246E+01  0.48125000E+00
 -0.30691501E+00  0.20790453E+00  0.30688833E+00  0.87930061E+00  0.25461954E+01  0.48125000E+00
 -0.33310106E+00  0.25284532E+00 -0.23814804E+00  0.20884621E+01  0.24923152E+01  0.48125000E+00
  0.39188862E+00 -0.18336569E+00  0.21071758E+00  0.11175852E+01  0.58455437E+01  0.48125000E+00
  0.20808599E+00 -0.42812768E+00  0.70770540E-01  0.14232054E+01  0.51648041E+01  0.48125000E+00
 -0.20317448E+00 -0.28396018E+00 -0.33119225E+00  0.23297900E+01  0.40913336E+01  0.48125000E+00
 -0.98160358E-01  0.12118099E+00 -0.45528153E+00  0.28115840E+01  0.22516239E+01  0.48125000E+00
 -0.15199221E+00  0.15298409E+00 -0.43022761E+00  0.26769449E+01  0.23529422E+01  0.48125000E+00
 -0.15937003E+00  0.44450730E+00 -0.92822511E-01  0.17648907E+01  0.19150516E+01  0.48125000E+00
  0.11602102E+00 -0.42931864E+00 -0.18391898E+00  0.19629390E+01  0.49763287E+01  0.48125000E+00
 -0.34688160E+00 -0.94168382E-02 -0.33344571E+00  0.23362639E+01  0.31687331E+01  0.48125000E+00
  0.62515296E-02  0.34904281E+00 -0.33125760E+00  0.23299772E+01  0.15528877E+01  0.48125000E+00
 -0.20065638E+00  0.39674777E+00 -0.18420041E+00  0.19635719E+01  0.20390357E+01  0.48125000E+00
  0.35117025E+00  0.79803293E-01  0.31923730E+00  0.84550933E+00  0.22345459E+00  0.48125000E+00
 -0.10218264E-01 -0.29405712E+00  0.38082484E+00  0.65782426E+00  0.46776537E+01  0.48125000E+00
 -0.20466786E+00 -0.43532773E+00 -0.14226683E-01  0.16003626E+01  0.42729080E+01  0.48125000E+00
 -0.87469412E-01  0.18014285E+00 -0.43760624E+00  0.27124232E+01  0.20228220E+01  0.48125000E+00
 -0.21214885E+00  0.41796450E+00 -0.10908758E+00  0.17994593E+01  0.20404865E+01  0.48125000E+00
  0.55417934E-01  0.41682727E+00 -0.23406291E+00  0.20787204E+01  0.14386197E+01  0.48125000E+00
 -0.65013233E-01  0.46242000E+00  0.11637263E+00  0.13265622E+01  0.17104743E+01  0.48125000E+00
 -0.46773817E+00  0.65990885E-01  0.92020463E-01  0.13784002E+01  0.30014326E+01  0.48125000E+00
 -0.64487619E-01 -0.31613652E+00  0.35707227E+00  0.73479477E+00  0.45111631E+01  0.48125000E+00
  0.52233083E-02  0.84440121E-01 -0.47375536E+00  0.29648790E+01  0.15090169E+01  0.48125000E+00
 -0.30687990E-01  0.15915483E+00  0.45313304E+00  0.34351944E+00  0.17612771E+01  0.48125000E+00
 -0.36753084E+00  0.24008810E+00  0.19718100E+00  0.11486418E+01  0.25629388E+01  0.48125000E+00
  0.31247004E+00 -0.25207279E+00  0.26537397E+00  0.98672316E+00  0.56043661E+01  0.48125000E+00
  0.45146270E+00 -0.70289401E-01  0.15113700E+00  0.12513395E+01  0.61287327E+01  0.48125000E+00
 -0.32597368E+00  0.51081311E-01  0.35033331E+00  0.75544676E+00  0.29861530E+01  0.48125000E+00
 -0.38390898E+00  0.18267956E+00  0.22548533E+00  0.10831578E+01  0.26974585E+01  0.48125000E+00
 -0.32023068E+00  0.13325729E+00  0.33361110E+00  0.80485204E+00  0.27472597E+01  0.48125000E+00
  0.43961779E-01 -0.33228732E+00 -0.34533182E+00  0.23711071E+01  0.48439256E+01  0.48125000E+00
 -0.33908069E+00 -0.34091608E+00 -0.20051746E-01  0.16124744E+01  0.39296899E+01  0.48125000E+00
 -0.47725374E+00 -0.20339185E-01 -0.58452975E-01  0.16925577E+01  0.31841840E+01  0.48125000E+00
 -0.71200645E-01  0.43246169E+00  0.19876850E+00  0.11450227E+01  0.17339728E+01  0.48125000E+00
 -0.26384603E+00 -0.17197814E+00 -0.36388234E+00  0.24281589E+01  0.37192410E+01  0.48125000E+00
 -0.31097021E+00 -0.35788922E+00 -0.82549349E-01  0.17431799E+01  0.39970239E+01  0.48125000E+00
 -0.19779519E+00  0.42871475E+00  0.93178780E-01  0.13759475E+01  0.20030634E+01  0.48125000E+00
 -0.25767977E+00  0.92979832E-02 -0.40634499E+00  0.25761532E+01  0.31055248E+01  0.48125000E+00
  0.35149096E-01  0.44762190E+00  0.17320720E+00  0.12026238E+01  0.14924331E+01  0.48125000E+00
  0.46857514E+00 -0.10617075E+00  0.27688906E-01  0.15132291E+01  0.60603655E+01  0.48125000E+00
 -0.25228452E-01 -0.61602523E-01  0.47662377E+00  0.13876879E+00  0.43236890E+01  0.48125000E+00
  0.44545512E+00 -0.16007241E+00  0.86879934E-01  0.13892713E+01  0.59382090E+01  0.48125000E+00
 -0.28472755E+00  0.34504619E+00 -0.17741170E+00  0.19483502E+01  0.22607075E+01  0.48125000E+00
 -0.26317018E-01 -0.26198186E+00 -0.40283307E+00  0.25626758E+01  0.46122712E+01  0.48125000E+00
  0.12716341E+00  0.46323586E+00 -0.29044270E-01  0.16311848E+01  0.13028846E+01  0.48125000E+00
 -0.12246540E+00  0.20883279E+00  0.41592385E+00  0.52712411E+00  0.21011767E+01  0.48125000E+00
  0.25632361E+00 -0.26661277E+00 -0.30792434E+00  0.22650900E+01  0.54781139E+01  0.48125000E+00
  0.25154572E+00 -0.40952677E+00  0.24781894E-01  0.15192787E+01  0.52632098E+01  0.48125000E+00
 -0.26483448E+00  0.14083963E+00 -0.37633557E+00  0.24686581E+01  0.26528279E+01  0.48125000E+00
 -0.28681861E+00  0.26694524E+00  0.27942242E+00  0.95130877E+00  0.23920669E+01  0.48125000E+00
  0.51750801E-01  0.42674441E-01 -0.47655253E+00  0.30017577E+01  0.68957039E+00  0.48125000E+00
  0.18286114E-01  0.46582086E+00 -0.11949103E+00  0.18217140E+01  0.15315608E+01  0.48125000E+00
  0.39880822E+00  0.23565845E+00  0.13045559E+00  0.12962850E+01  0.53370643E+00  0.48125000E+00
 -0.43515350E+00 -0.10161692E+00  0.17865329E+00  0.11904656E+01  0.33710013E+01  0.48125000E+00
 -0.10829093E+00 -0.23998392E+00 -0.40284284E+00  0.25627129E+01  0.42885023E+01  0.48125000E+00
  0.10602775E+00 -0.41466962E+00  0.22001996E+00  0.10959696E+01  0.49627177E+01  0.48125000E+00
 -0.11184372E+00  0.53785352E-01 -0.46497277E+00  0.28807662E+01  0.26933436E+01  0.48125000E+00
  0.40027198E+00 -0.16341539E+00 -0.21137482E+00  0.20255270E+01  0.58955778E+01  0.48125000E+00
 -0.31884933E+00  0.27859250E+00  0.22874196E+00  0.10754823E+01  0.24234748E+01  0.48125000E+00
 -0.41897386E+00 -0.12385604E+00 -0.20179731E+00  0.20034915E+01  0.34290240E+01  0.48125000E+00
  0.76938373E-01 -0.47329240E+00  0.40943344E-01  0.14856163E+01  0.48735393E+01  0.48125000E+00
  0.99828937E-01  0.27428973E+00 -0.38262370E+00  0.24899065E+01  0.12217445E+01  0.48125000E+00
 -0.41453185E+00  0.24307205E+00  0.26093760E-01  0.15165489E+01  0.26112501E+01  0.48125000E+00
  0.14699017E+00 -0.12709698E+00  0.44027470E+00  0.41564391E+00  0.55702399E+01  0.48125000E+00
  0.10595801E+00 -0.68203131E-01 -0.46445968E+00  0.28766634E+01  0.57112653E+01  0.48125000E+00
  0.79517346E-01  0.72964624E-02  0.47457909E+00  0.16669593E+00  0.63746884E+01  0.48125000E+00
 -0.12225447E+00  0.44747333E+00  0.12815236E+00  0.13012537E+01  0.18374982E+01  0.48125000E+00
 -0.17472018E+00 -0.32005714E+00  0.31406663E+00  0.85977760E+00  0.42126966E+01  0.48125000E+00
  0.10950234E+00  0.82735594E-03 -0.46862577E+00  0.29120381E+01  0.75554568E-02  0.48125000E+00
 -0.44988470E+00 -0.33353143E-01  0.16760934E+00  0.12150616E+01  0.32155944E+01  0.48125000E+00
  0.10150380E+00 -0.23436440E+00  0.40788708E+00  0.55943035E+00  0.51211024E+01  0.48125000E+00
  0.51052121E-02 -0.43126950E+00 -0.21349969E+00  0.20304477E+01  0.47242261E+01  0.48125000E+00
 -0.34952242E+00 -0.11809722E+00 -0.30901244E+00  0.22680357E+01  0.34674311E+01  0.48125000E+00
  0.93384869E-01  0.12643277E+00 -0.45485776E+00  0.28088774E+01  0.93462290E+00  0.48125000E+00
 -0.11783593E+00  0.40031845E+00  0.23971106E+00  0.10493890E+01  0.18570667E+01  0.48125000E+00
  0.50091398E-01  0.26393143E+00  0.39929014E+00  0.59223741E+00  0.13832376E+01  0.48125000E+00
  0.46328148E+00 -0.95509903E-01  0.88598494E-01  0.13856394E+01  0.60798742E+01  0.48125000E+00
  0.13933983E-02  0.42465289E+00  0.22642779E+00  0.10809398E+01  0.15675151E+01  0.48125000E+00
 -0.13692103E+00  0.40409365E+00 -0.22262640E+00  0.20517223E+01  0.18974901E+01  0.48125000E+00
 -0.13047303E+00  0.32147641E+00 -0.33351353E+00  0.23364593E+01  0.19563405E+01  0.48125000E+00
  0.35086608E+00 -0.28705889E+00  0.16152941E+00  0.12285059E+01  0.55974786E+01  0.48125000E+00
  0.32539420E+00  0.16107592E+00 -0.31587138E+00  0.22867750E+01  0.45965391E+00  0.48125000E+00
 -0.23779055E+00  0.36751034E+00  0.19998342E+00  0.11422490E+01  0.21450815E+01  0.48125000E+00
  0.41224557E+00  0.86863228E-01 -0.23261542E+00  0.20752814E+01  0.20766970E+00  0.48125000E+00
 -0.29779210E+00  0.37541969E+00  0.44513891E-01  0.14781675E+01  0.22413922E+01  0.48125000E+00
  0.43529693E+00  0.16354714E+00  0.12397774E+00  0.13102421E+01  0.35939647E+00  0.48125000E+00
 -0.29718928E+00  0.36156822E+00  0.11202015E+00  0.13358723E+01  0.22587760E+01  0.48125000E+00
 -0.23924511E+00 -0.23309627E+00 -0.34645269E+00  0.23744570E+01  0.39139738E+01  0.48125000E+00
 -0.41862218E+00 -0.23081484E-01 -0.23627162E+00  0.20839808E+01  0.31966737E+01  0.48125000E+00
 -0.16770420E+00 -0.39044164E+00  0.22590306E+00  0.10821750E+01  0.43066924E+01  0.48125000E+00
  0.31648641E+00  0.26808412E-01  0.36155113E+00  0.72080439E+00  0.84504634E-01  0.48125000E+00
 -0.13531114E-01 -0.36057604E+00 -0.31843900E+00  0.22938687E+01  0.46748802E+01  0.48125000E+00
 -0.85022469E-01  0.25729862E+00  0.39770612E+00  0.59810819E+00  0.18899431E+01  0.48125000E+00
 -0.37350209E+00  0.20631186E+00 -0.22256048E+00  0.20515678E+01  0.26369306E+01  0.48125000E+00
 -0.13684293E+00 -0.42631018E+00  0.17645171E+00  0.11953875E+01  0.44017848E+01  0.48125000E+00
 -0.21632472E+00 -0.28880791E-01  0.42891850E+00  0.47068198E+00  0.32743145E+01  0.48125000E+00
  0.49329081E-01 -0.36525697E+00  0.30944393E+00  0.87238684E+00  0.48466298E+01  0.48125000E+00
  0.17259282E+00  0.34577275E+00  0.28680043E+00  0.93234947E+00  0.11078281E+01  0.48125000E+00
  0.27746752E+00  0.37629604E+00  0.11408167E+00  0.13314653E+01  0.93543080E+00  0.48125000E+00
  0.37176307E-01 -0.20842574E+00  0.43217843E+00  0.45551837E+00  0.48888999E+01  0.48125000E+00
  0.26783291E+00 -0.34371744E+00  0.20426799E+00  0.11324387E+01  0.53743327E+01  0.48125000E+00
 -0.43781439E-01 -0.47925011E+00 -0.20208794E-02  0.15749956E+01  0.46212878E+01  0.48125000E+00
  0.26816154E+00 -0.39069703E+00  0.83945126E-01  0.13954680E+01  0.53139065E+01  0.48125000E+00
  0.45074640E+00 -0.79306479E-01 -0.14879425E+00  0.18851300E+01  0.61090231E+01  0.48125000E+00
  0.43578283E+00 -0.33473248E-01 -0.20143095E+00  0.20026531E+01 -0.76661232E-01  0.48125000E+00
 -0.26334730E+00  0.76402979E-01 -0.39549001E+00  0.25353548E+01  0.28592222E+01  0.48125000E+00
 -0.28974903E+00 -0.22054018E+00 -0.31465710E+00  0.22834355E+01  0.37921866E+01  0.48125000E+00
  0.10169114E+00 -0.29071006E+00  0.36979472E+00  0.69445185E+00  0.50488880E+01  0.48125000E+00
  0.81627629E-01 -0.24494000E+00 -0.40613161E+00  0.25753262E+01  0.50340696E+01  0.48125000E+00
  0.54403050E-01 -0.44281429E+00 -0.18043663E+00  0.19551211E+01  0.48346339E+01  0.48125000E+00
 -0.28713224E+00 -0.10996002E+00 -0.37022349E+00  0.24485342E+01  0.35073232E+01  0.48125000E+00
 -0.28651291E+00 -0.20205353E+00  0.32967603E+00  0.81613621E+00  0.37558108E+01  0.48125000E+00
 -0.80192460E-01 -0.33884297E+00 -0.33219899E+00  0.23326773E+01  0.44799992E+01  0.48125000E+00
  0.47265300E+00  0.58104030E-01 -0.69459502E-01  0.17156336E+01  0.64055033E+01  0.48125000E+00
 -0.21279857E+00  0.11663238E+00 -0.41559020E+00  0.26130920E+01  0.26402184E+01  0.48125000E+00
  0.32948681E+00  0.14606504E+00  0.31891223E+00  0.84641164E+00  0.41727722E+00  0.48125000E+00
 -0.16228613E+00 -0.45099424E+00  0.43231624E-01  0.14808431E+01  0.43669743E+01  0.48125000E+00
  0.37660070E+00  0.28263887E+00 -0.99442169E-01  0.17789288E+01  0.64382112E+00  0.48125000E+00
 -0.10216340E+00 -0.40380195E+00  0.24105641E+00  0.10461621E+01  0.44645853E+01  0.48125000E+00
  0.34105538E+00 -0.32073666E-01  0.33801489E+00  0.79207670E+00  0.61894187E+01  0.48125000E+00
  0.99290119E-01  0.18179786E+00 -0.43438758E+00  0.26966226E+01  0.10709086E+01  0.48125000E+00
 -0.27489118E+00 -0.34548731E+00 -0.19150697E+00  0.19800629E+01  0.40402986E+01  0.48125000E+00
  0.45543230E-01 -0.43365115E+00  0.20365180E+00  0.11338523E+01  0.48170281E+01  0.48125000E+00
  0.46137472E+00  0.12472326E+00 -0.56382990E-01  0.16882255E+01  0.26401905E+00  0.48125000E+00
 -0.15247996E+00  0.36411277E+00  0.27526953E+00  0.96186811E+00  0.19673794E+01  0.48125000E+00
  0.13035553E+00  0.28467146E+00  0.36547388E+00  0.70836557E+00  0.11413792E+01  0.48125000E+00
  0.45191655E+00 -0.16441184E+00  0.18486374E-01  0.15323736E+01  0.59342608E+01  0.48125000E+00
  0.31963285E+00  0.29973730E+00 -0.19898230E+00  0.19970578E+01  0.75328697E+00  0.48125000E+00
  0.29675157E-01 -0.15742398E+00 -0.45380462E+00  0.28022409E+01  0.48987073E+01  0.48125000E+00
  0.36416337E+00  0.29598834E+00  0.10666540E+00  0.13472979E+01  0.68249120E+00  0.48125000E+00
 -0.35143108E+00 -0.23729934E+00 -0.22756709E+00  0.20633377E+01  0.37355053E+01  0.48125000E+00
  0.26350482E+00  0.36074354E+00  0.17897170E+00  0.11897529E+01  0.93992562E+00  0.48125000E+00
 -0.70131637E-02  0.41138541E+00 -0.24962857E+00  0.21161362E+01  0.15878423E+01  0.48125000E+00
 -0.45430250E+00 -0.15853623E+00  0.87784543E-02  0.15525544E+01  0.34773462E+01  0.48125000E+00
  0.29992475E-01  0.15919861E+00  0.45316423E+00  0.34332695E+00  0.13845824E+01  0.48125000E+00
 -0.15076398E-01  0.26929863E+00  0.39856306E+00  0.59493847E+00  0.16267219E+01  0.48125000E+00
  0.21396852E+00  0.68616046E-01  0.42557123E+00  0.48579538E+00  0.31032229E+00  0.48125000E+00
 -0.45069706E+00 -0.99970189E-01 -0.13593999E+00  0.18571671E+01  0.33598710E+01  0.48125000E+00
  0.21059728E+00 -0.30954732E+00 -0.30237527E+00  0.22501782E+01  0.53097978E+01  0.48125000E+00
 -0.24142383E+00 -0.23860684E+00  0.34114934E+00  0.78288482E+00  0.39211225E+01  0.48125000E+00
  0.44694112E-01 -0.32089404E+00  0.35585251E+00  0.73856739E+00  0.48507787E+01  0.48125000E+00
  0.35082966E+00  0.30396643E-01 -0.32801853E+00  0.23207392E+01  0.86426337E-01  0.48125000E+00
  0.27961515E+00  0.22454317E+00 -0.32093191E+00  0.23007988E+01  0.67659407E+00  0.48125000E+00
  0.13907697E+00  0.45184304E+00 -0.89983495E-01  0.17588820E+01  0.12721997E+01  0.48125000E+00
 -0.18109173E+00 -0.23910325E+00 -0.37634689E+00  0.24686959E+01  0.40641821E+01  0.48125000E+00
 -0.41410655E-01 -0.46804045E+00 -0.10404256E+00  0.17887092E+01  0.46241421E+01  0.48125000E+00
 -0.17765929E+00  0.44599543E+00 -0.33568122E-01  0.16406050E+01  0.19498737E+01  0.48125000E+00
  0.19663409E+00  0.42430507E+00 -0.11358612E+00  0.18090676E+01  0.11368334E+01  0.48125000E+00
 -0.11211233E-01 -0.10584783E+00 -0.46933155E+00  0.29185747E+01  0.46068640E+01  0.48125000E+00
  0.56718173E-01 -0.47743056E+00 -0.21087229E-01  0.16146280E+01  0.48306336E+01  0.48125000E+00
 -0.38769497E+00 -0.72483115E-01  0.27575418E+00  0.96063986E+00  0.33264181E+01  0.48125000E+00
 -0.87196963E-01 -0.20261773E+00  0.42771989E+00  0.47614474E+00  0.43059938E+01  0.48125000E+00
 -0.22047289E+00 -0.40518179E+00 -0.13718961E+00  0.18598751E+01  0.42140611E+01  0.48125000E+00
  0.48328153E-01  0.30857985E+00 -0.36612078E+00  0.24352957E+01  0.14154436E+01  0.48125000E+00
 -0.27503719E-01 -0.46290688E+00  0.12869472E+00  0.13000843E+01  0.46530435E+01  0.48125000E+00
 -0.47469097E+00 -0.46476639E-01  0.64109015E-01  0.14371856E+01  0.32391908E+01  0.48125000E+00
 -0.36995978E+00  0.25246582E+00 -0.17604639E+00  0.19453000E+01  0.25427670E+01  0.48125000E+00
 -0.14799064E+00 -0.45193642E-01  0.45569493E+00  0.32734746E+00  0.34379795E+01  0.48125000E+00
  0.43509581E+00  0.11342558E+00  0.17154544E+00  0.12063222E+01  0.25501524E+00  0.48125000E+00
 -0.34281038E+00  0.31620528E+00  0.11873007E+00  0.13215106E+01  0.23965435E+01  0.48125000E+00
  0.30833754E+00 -0.19782309E+00 -0.31208260E+00  0.22763867E+01  0.57127523E+01  0.48125000E+00
 -0.28280628E+00  0.13032354E-01  0.38916876E+00  0.62892161E+00  0.30955430E+01  0.48125000E+00
  0.16920705E+00 -0.35451819E+00 -0.27800610E+00  0.21866738E+01  0.51577019E+01  0.48125000E+00
  0.40761969E+00 -0.20270752E+00 -0.15606861E+00  0.19010663E+01  0.58217035E+01  0.48125000E+00
 -0.72647102E-01 -0.11382995E+00 -0.46191634E+00  0.28571783E+01  0.41443486E+01  0.48125000E+00
  0.43757724E+00  0.19904482E+00  0.22558440E-01  0.15239045E+01  0.42690412E+00  0.48125000E+00
  0.33070790E-01 -0.28084880E+00 -0.38939933E+00  0.25134859E+01  0.48296022E+01  0.48125000E+00
  0.23156078E+00 -0.15551087E+00  0.39217029E+00  0.61824090E+00  0.56917910E+01  0.48125000E+00
 -0.20707111E+00  0.23340291E+00 -0.36639623E+00  0.24361781E+01  0.22964850E+01  0.48125000E+00
  0.20207106E+00 -0.20881756E+00  0.38361970E+00  0.64826624E+00  0.54813694E+01  0.48125000E+00
 -0.15094797E+00  0.26663861E+00 -0.37110662E+00  0.24514114E+01  0.20859272E+01  0.48125000E+00
 -0.55495149E-01 -0.41807088E+00 -0.23181586E+00  0.20733845E+01  0.45804195E+01  0.48125000E+00
  0.26508754E+00 -0.25841540E+00  0.30749250E+00  0.87766972E+00  0.55105316E+01  0.48125000E+00
  0.30968945E+00 -0.16830493E-01 -0.36798199E+00  0.24412756E+01 -0.54292948E-01  0.48125000E+00
  0.69705042E-01  0.23300311E+00 -0.41527379E+00  0.26117895E+01  0.12801110E+01  0.48125000E+00
  0.24533983E+00  0.40931742E+00  0.62202738E-01  0.14411813E+01  0.10308272E+01  0.48125000E+00
  0.76702816E-01 -0.19002428E+00 -0.43544117E+00  0.27017363E+01  0.50960357E+01  0.48125000E+00
 -0.28975208E+00  0.94982694E-01  0.37232188E+00  0.68620542E+00  0.28248242E+01  0.48125000E+00
 -0.34098041E+00 -0.23087886E+00  0.24905596E+00  0.10268475E+01  0.37367856E+01  0.48125000E+00
  0.26596644E+00 -0.39167535E+00 -0.86335589E-01  0.17511715E+01  0.53089145E+01  0.48125000E+00
  0.21767453E+00 -0.24954345E-01 -0.42848179E+00  0.26689136E+01  0.61690430E+01  0.48125000E+00
  0.26290837E+00 -0.92495929E-01  0.39233309E+00  0.61765700E+00  0.59448917E+01  0.48125000E+00
 -0.75455676E-01 -0.43452530E+00  0.19260261E+00  0.11590468E+01  0.45404527E+01  0.48125000E+00
 -0.35198756E+00  0.53742590E-01 -0.32375616E+00  0.23087023E+01  0.29900796E+01  0.48125000E+00
 -0.30748220E+00 -0.36886757E+00  0.31511489E-01  0.15052710E+01  0.40175026E+01  0.48125000E+00
  0.21611105E+00 -0.30871290E+00  0.29932243E+00  0.89954197E+00  0.53231411E+01  0.48125000E+00
 -0.25555624E+00 -0.16494434E+00  0.37294227E+00  0.68416829E+00  0.37147504E+01  0.48125000E+00
  0.42968694E-01 -0.40531483E+00  0.25588111E+00  0.10101886E+01  0.48180076E+01  0.48125000E+00
 -0.34975265E+00 -0.31446667E+00 -0.10190858E+00  0.17841698E+01  0.38739167E+01  0.48125000E+00
 -0.47271542E+00 -0.90128083E-01 -0.43158438E-02  0.15797644E+01  0.33299919E+01  0.48125000E+00
 -0.91111163E-01  0.16476572E+00  0.44289115E+00  0.40196679E+00  0.20759200E+01  0.48125000E+00
  0.21978455E+00  0.42810929E+00  0.43303489E-02  0.15617981E+01  0.10964988E+01  0.48125000E+00
 -0.13763632E+00  0.71502221E-01  0.45557133E+00  0.32814528E+00  0.26624662E+01  0.48125000E+00
  0.43243433E+00 -0.14167268E+00 -0.15662365E+00  0.19022858E+01  0.59665886E+01  0.48125000E+00
  0.21762883E+00 -0.35037903E+00  0.24793909E+00  0.10295576E+01  0.52681962E+01  0.48125000E+00
  0.30628953E+00 -0.24514755E+00 -0.27873099E+00  0.21885203E+01  0.56082136E+01  0.48125000E+00
  0.29459368E-01 -0.21625032E-01  0.47986047E+00 -0.76009676E-01  0.25083695E+01  0.48125000E+00
 -0.20370908E+00 -0.14958965E+00  0.40954500E+00  0.55290483E+00  0.37749892E+01  0.48125000E+00
 -0.28906889E+00 -0.38363207E+00 -0.29447773E-01  0.16320248E+01  0.40666481E+01  0.48125000E+00
  0.25253512E+00  0.56807564E-02  0.40962825E+00  0.55257537E+00  0.63056764E+01  0.48125000E+00
  0.23135528E+00 -0.16062286E+00 -0.39022634E+00  0.25164163E+01  0.56763158E+01  0.48125000E+00
  0.23304852E+00  0.36544527E+00 -0.20914039E+00  0.20203654E+01  0.10031086E+01  0.48125000E+00
  0.38320867E+00 -0.29082478E+00 -0.13176694E-01  0.15981799E+01  0.56339997E+01  0.48125000E+00
 -0.11205442E+00 -0.46079222E+00  0.81950612E-01  0.13996754E+01  0.44738415E+01  0.48125000E+00
 -0.34269877E+00 -0.19271772E+00 -0.27752296E+00  0.21854444E+01  0.36538705E+01  0.48125000E+00
 -0.42314262E+00 -0.54125987E-01  0.22276054E+00  0.10895559E+01  0.32688161E+01  0.48125000E+00
 -0.44751541E+00  0.10990653E+00  0.13875185E+00  0.12783291E+01  0.29007663E+01  0.48125000E+00
  0.48069492E+00  0.39245220E-02 -0.22771828E-01  0.16181321E+01  0.81640864E-02  0.48125000E+00
  0.26674476E+00 -0.49526363E-01 -0.39748702E+00  0.25426764E+01  0.60996063E+01  0.48125000E+00
 -0.60806744E-01  0.47727425E+00 -0.10648776E-01  0.15929255E+01  0.16975178E+01  0.48125000E+00
  0.18966579E+00  0.40347959E+00 -0.18119788E+00  0.19568280E+01  0.11313738E+01  0.48125000E+00
  0.17975666E-01  0.44510907E+00 -0.18208886E+00  0.19588272E+01  0.15304334E+01  0.48125000E+00
  0.26785305E+00 -0.10836736E+00 -0.38485428E+00  0.24975871E+01  0.58987389E+01  0.48125000E+00
  0.47582270E+00  0.71416827E-01 -0.96934079E-02  0.15909398E+01  0.14897920E+00  0.48125000E+00
 -0.26166256E+00 -0.31121345E+00  0.25744991E+00  0.10063349E+01  0.40132711E+01  0.48125000E+00
 -0.50203173E-01  0.47209299E+00 -0.78799813E-01  0.17352768E+01  0.16767399E+01  0.48125000E+00
  0.18792700E-01  0.26190542E+00 -0.40330379E+00  0.25644660E+01  0.14991653E+01  0.48125000E+00
 -0.44762903E+00 -0.54978577E-02 -0.17663405E+00  0.19466124E+01  0.31538742E+01  0.48125000E+00
  0.46118559E+00  0.13748879E+00  0.24987867E-02  0.15656040E+01  0.28973140E+00  0.48125000E+00
 -0.27623955E-02 -0.45568699E-01 -0.47907977E+00  0.30465878E+01  0.46518426E+01  0.48125000E+00
  0.41696254E+00  0.17815047E-01 -0.23963812E+00  0.20920288E+01  0.42699803E-01  0.48125000E+00
 -0.46520085E+00 -0.10867350E+00  0.58136085E-01  0.14496983E+01  0.33710827E+01  0.48125000E+00
  0.40731979E+00 -0.23352886E+00  0.10562395E+00  0.13495166E+01  0.57626066E+01  0.48125000E+00
  0.24541596E+00  0.20728872E+00  0.35833498E+00  0.73087267E+00  0.70137546E+00  0.48125000E+00
  0.35543079E+00 -0.32145939E+00  0.43981535E-01  0.14792784E+01  0.55479325E+01  0.48125000E+00
 -0.36054487E+00  0.98570342E-01  0.30313833E+00  0.88937468E+00  0.28747213E+01  0.48125000E+00
  0.47747573E+00 -0.43744510E-01  0.41290525E-01  0.14848922E+01  0.61918242E+01  0.48125000E+00
  0.33606679E+00 -0.14399317E+00  0.31293234E+00  0.86288417E+00  0.58783827E+01  0.48125000E+00
 -0.18508677E+00  0.41741145E+00  0.15202674E+00  0.12493915E+01  0.19881612E+01  0.48125000E+00
  0.26595772E+00 -0.37460364E+00  0.14331842E+00  0.12684043E+01  0.53297756E+01  0.48125000E+00
  0.41973987E+00  0.19754573E-03  0.23541446E+00  0.10596551E+01  0.47063845E-03  0.48125000E+00
  0.26385683E+00 -0.35059083E+00 -0.19765427E+00  0.19940291E+01  0.53575560E+01  0.48125000E+00
  0.22599105E+00 -0.49324913E-01  0.42201500E+00  0.50139214E+00  0.60682948E+01  0.48125000E+00
 -0.27167230E+00  0.38795664E+00 -0.85354360E-01  0.17490993E+01  0.21816999E+01  0.48125000E+00
 -0.38348681E+00  0.28136676E+00  0.73295141E-01  0.14178997E+01  0.25086012E+01  0.48125000E+00
  0.59996385E-01 -0.68312186E-01  0.47258379E+00 -0.19006320E+00  0.22914741E+01  0.48125000E+00
  0.36193157E+00 -0.84916711E-01  0.30560801E+00  0.88274946E+00  0.60527326E+01  0.48125000E+00
  0.68316802E-01 -0.41293658E+00 -0.23752423E+00  0.20869710E+01  0.48763453E+01  0.48125000E+00
 -0.45820237E-01 -0.47414813E+00  0.68451602E-01  0.14280752E+01  0.46160512E+01  0.48125000E+00
 -0.38660518E+00 -0.18300061E+00 -0.22056466E+00  0.20468961E+01  0.35836961E+01  0.48125000E+00
 -0.38928284E+00  0.72104464E-02 -0.28285764E+00  0.21990789E+01  0.31230724E+01  0.48125000E+00
 -0.10463254E+00 -0.43215185E+00 -0.18411512E+00  0.19633801E+01  0.44748406E+01  0.48125000E+00
 -0.16013001E+00  0.90848512E-01 -0.44464198E+00  0.27490291E+01  0.26255325E+01  0.48125000E+00
  0.17198388E+00  0.37926698E+00 -0.24120461E+00  0.20957864E+01  0.11450656E+01  0.48125000E+00
  0.38088423E+00  0.17617105E+00  0.23556852E+00  0.10592880E+01  0.43322633E+00  0.48125000E+00
 -0.31829025E+00 -0.32661237E+00  0.15367901E+00  0.12457708E+01  0.39398946E+01  0.48125000E+00
  0.10663292E+00 -0.33844867E+00  0.32508995E+00  0.82913802E+00  0.50176078E+01  0.48125000E+00
 -0.18169665E+00  0.12957285E-01  0.44544360E+00  0.38818631E+00  0.30704004E+01  0.48125000E+00
  0.70961955E-01  0.46332446E+00  0.10907064E+00  0.13421695E+01  0.14188191E+01  0.48125000E+00
 -0.53536542E-01  0.77785009E-01 -0.47189500E+00  0.29440970E+01  0.21736016E+01  0.48125000E+00
 -0.52470367E-01  0.40544322E+00  0.25389804E+00  0.10150466E+01  0.16994958E+01  0.48125000E+00
 -0.38008987E+00 -0.22101746E+00  0.19566435E+00  0.11520939E+01  0.36682887E+01  0.48125000E+00
 -0.68275748E-01  0.34054953E+00 -0.33311560E+00  0.23353130E+01  0.17686601E+01  0.48125000E+00
 -0.46009172E+00 -0.74755073E-01  0.11970317E+00  0.13194235E+01  0.33026637E+01  0.48125000E+00
  0.10524288E+00 -0.38119332E+00  0.27425746E+00  0.96442966E+00  0.49817664E+01  0.48125000E+00
  0.15554155E+00 -0.44018071E+00  0.11683036E+00  0.13255819E+01  0.50520525E+01  0.48125000E+00
 -0.42724842E+00 -0.22121154E+00  0.11216078E-01  0.15474881E+01  0.36193460E+01  0.48125000E+00
 -0.27948116E-01  0.20690414E+00 -0.43360252E+00  0.26928476E+01  0.17050613E+01  0.48125000E+00
  0.45021212E+00 -0.71469374E-02  0.16988093E+00  0.12100215E+01 -0.15873267E-01  0.48125000E+00
 -0.98112197E-01 -0.47065000E+00  0.21543783E-01  0.15260151E+01  0.45068712E+01  0.48125000E+00
 -0.61990619E-01  0.47935529E-01  0.47482724E+00  0.16355904E+00  0.24833639E+01  0.48125000E+00
  0.21353770E+00  0.33852196E+00 -0.26721919E+00  0.21594727E+01  0.10080412E+01  0.48125000E+00
 -0.45432152E+00  0.45110663E-01  0.15217931E+00  0.12490574E+01  0.30426247E+01  0.48125000E+00
  0.41169452E+00  0.17407093E+00  0.17834935E+00  0.11911456E+01  0.40001912E+00  0.48125000E+00
 -0.23121211E+00 -0.29052701E+00  0.30616430E+00  0.88125215E+00  0.40401917E+01  0.48125000E+00
 -0.15030832E+00 -0.18375826E+00  0.41861901E+00  0.51588259E+00  0.40267878E+01  0.48125000E+00
 -0.44554140E+00 -0.16816129E+00  0.69398879E-01  0.14260863E+01  0.35024932E+01  0.48125000E+00
  0.26677168E+00  0.19336474E-01 -0.40007566E+00  0.25522857E+01  0.72356694E-01  0.48125000E+00
 -0.47980850E+00  0.31850897E-01 -0.19258511E-01  0.16108247E+01  0.30753074E+01  0.48125000E+00
 -0.18461246E+00 -0.26801642E+00  0.35452362E+00  0.74265982E+00  0.41092124E+01  0.48125000E+00
  0.11042362E+00 -0.38152315E+00 -0.27175039E+00  0.21708371E+01  0.49941190E+01  0.48125000E+00
 -0.21136018E+00  0.34846137E+00  0.25593576E+00  0.10100545E+01  0.21160201E+01  0.48125000E+00
  0.43748416E+00  0.17657694E+00 -0.95025038E-01  0.17695571E+01  0.38362236E+00  0.48125000E+00
 -0.82986813E-01 -0.47104963E+00 -0.53169482E-01  0.16815044E+01  0.45380042E+01  0.48125000E+00
 -0.15719697E+00  0.42738489E+00 -0.15566898E+00  0.19001886E+01  0.19232497E+01  0.48125000E+00
 -0.18045916E+00  0.39198349E+00  0.21303755E+00  0.11122161E+01  0.20022440E+01  0.48125000E+00
  0.45321828E-01 -0.26609523E+00  0.39842292E+00  0.59545786E+00  0.48810919E+01  0.48125000E+00
 -0.42593902E+00  0.37976735E-01 -0.22076069E+00  0.20473544E+01  0.30526678E+01  0.48125000E+00
 -0.12867002E+00 -0.36526931E+00 -0.28569900E+00  0.22063961E+01  0.43737016E+01  0.48125000E+00
 -0.21143668E-01  0.30839371E+00 -0.36884661E+00  0.24440680E+01  0.16392498E+01  0.48125000E+00
  0.33331663E+00 -0.26139298E+00 -0.22841913E+00  0.20653481E+01  0.56181417E+01  0.48125000E+00
 -0.32494492E+00 -0.16856566E-01  0.35458175E+00  0.74248120E+00  0.31934213E+01  0.48125000E+00
 -0.41713375E+00 -0.21315264E+00 -0.11030388E+00  0.18020550E+01  0.36139963E+01  0.48125000E+00
 -0.25059654E+00  0.56006479E-01  0.40702114E+00  0.56281171E+00  0.29217134E+01  0.48125000E+00
  0.45320886E+00  0.11274607E+00 -0.11615341E+00  0.18145610E+01  0.24382339E+00  0.48125000E+00
 -0.40308478E+00  0.61613742E-01  0.25559337E+00  0.10108944E+01  0.29899112E+01  0.48125000E+00
  0.46993834E+00  0.31392325E-01  0.98863737E-01  0.13638921E+01  0.66701845E-01  0.48125000E+00
 -0.35466282E+00 -0.32266922E+00  0.41236123E-01  0.14850057E+01  0.38797912E+01  0.48125000E+00
  0.19070353E+00  0.43905083E+00 -0.49679931E-01  0.16742116E+01  0.11610294E+01  0.48125000E+00
  0.25955692E+00  0.90552649E-01 -0.39500884E+00  0.25336023E+01  0.33567131E+00  0.48125000E+00
  0.23093306E+00 -0.33820642E+00 -0.25276056E+00  0.21237661E+01  0.53114893E+01  0.48125000E+00
  0.10769178E+00 -0.34263680E+00 -0.32031869E+00  0.22990902E+01  0.50169156E+01  0.48125000E+00
 -0.28386575E+00 -0.33178168E+00  0.20234307E+00  0.11368516E+01  0.40046644E+01  0.48125000E+00
 -0.16325061E+00 -0.43772402E+00  0.11553565E+00  0.13283542E+01  0.43554139E+01  0.48125000E+00
 -0.33601224E+00  0.29673957E+00  0.17505132E+00  0.11985133E+01  0.24181814E+01  0.48125000E+00
 -0.38932963E+00 -0.24892594E+00  0.13438704E+00  0.12877878E+01  0.37104592E+01  0.48125000E+00
  0.20545621E+00  0.10396699E+00 -0.42258748E+00  0.26426810E+01  0.46845989E+00  0.48125000E+00
 -0.33740152E+00  0.34315637E+00 -0.23414702E-02  0.15756617E+01  0.23477386E+01  0.48125000E+00
 -0.43567755E+00  0.16849359E+00  0.11574344E+00  0.13279094E+01  0.27725700E+01  0.48125000E+00
 -0.15526704E-01 -0.34616371E+00  0.33396282E+00  0.80383751E+00  0.46675654E+01  0.48125000E+00
  0.32713376E+00  0.21145409E+00 -0.28261677E+00  0.21984603E+01  0.57382915E+00  0.48125000E+00
  0.35522113E+00 -0.24095479E+00  0.21762421E+00  0.11015590E+01  0.56871560E+01  0.48125000E+00
 -0.31061934E+00  0.97925633E-01 -0.35429897E+00  0.23982428E+01  0.28361960E+01  0.48125000E+00
  0.29393287E-01  0.19109058E+00 -0.44070624E+00  0.27281752E+01  0.14181739E+01  0.48125000E+00
 -0.26858796E+00 -0.39165275E+00  0.77911454E-01  0.14081867E+01  0.41112699E+01  0.48125000E+00
  0.15642529E+00 -0.30770102E+00 -0.33533979E+00  0.23417366E+01  0.51827084E+01  0.48125000E+00
 -0.14380243E+00  0.13431474E+00  0.43918330E+00  0.42122517E+00  0.23902953E+01  0.48125000E+00
 -0.34976001E+00 -0.27869438E+00 -0.17776091E+00  0.19491309E+01  0.38143891E+01  0.48125000E+00
  0.52872385E-01 -0.99259662E-01 -0.46792477E+00  0.29057219E+01  0.52018277E+01  0.48125000E+00
  0.31201074E+00 -0.31229087E+00 -0.19163840E+00  0.19803606E+01  0.54973384E+01  0.48125000E+00
 -0.27379778E+00 -0.37323823E+00 -0.13164180E+00  0.18478693E+01  0.40794838E+01  0.48125000E+00
  0.42273459E+00 -0.99684807E-01 -0.20726786E+00  0.20160496E+01  0.60516064E+01  0.48125000E+00
  0.14775892E+00  0.35078612E+00 -0.29447914E+00  0.22292629E+01  0.11721298E+01  0.48125000E+00
 -0.35086074E+00 -0.27631104E+00  0.17930565E+00  0.11890053E+01  0.38086795E+01  0.48125000E+00
 -0.97853438E-01 -0.45397489E+00 -0.12622627E+00  0.18361891E+01  0.45000890E+01  0.48125000E+00
  0.39840147E+00  0.26203741E+00  0.64917066E-01  0.14354913E+01  0.58178454E+00  0.48125000E+00
  0.16310463E+00  0.16435629E+00 -0.42188322E+00  0.26396311E+01  0.78922048E+00  0.48125000E+00
 -0.14658609E+00 -0.32422039E+00 -0.32402965E+00  0.23094707E+01  0.42877746E+01  0.48125000E+00
 -0.78104456E-01  0.40510920E+00 -0.24776560E+00  0.21116145E+01  0.17612579E+01  0.48125000E+00
  0.14207299E+00  0.43374053E+00 -0.15259744E+00  0.18934512E+01  0.12542571E+01  0.48125000E+00
  0.70466622E-01  0.47150407E+00 -0.65726149E-01  0.17077983E+01  0.14224436E+01  0.48125000E+00
  0.39543544E+00 -0.26988826E+00  0.48915255E-01  0.14689784E+01  0.56842950E+01  0.48125000E+00
 -0.14020395E+00 -0.45352321E+00 -0.79127191E-01  0.17359664E+01  0.44125645E+01  0.48125000E+00
 -0.38072015E+00  0.26100544E+00  0.13612455E+00  0.12840257E+01  0.25406258E+01  0.48125000E+00
  0.61288932E-03  0.48124193E+00  0.27195214E-02  0.15651453E+01  0.15695228E+01  0.48125000E+00
  0.36632701E+00  0.30982967E+00  0.37572020E-01  0.14926451E+01  0.70203522E+00  0.48125000E+00
  0.40957366E+00  0.24539745E+00 -0.60258390E-01  0.16963381E+01  0.53979676E+00  0.48125000E+00
 -0.44379808E+00 -0.15353842E+00 -0.10521776E+00  0.17912110E+01  0.34746679E+01  0.48125000E+00
  0.27843055E+00  0.15361453E+00  0.36122094E+00  0.72184336E+00  0.50415957E+00  0.48125000E+00
  0.42926529E+00 -0.21071449E+00  0.54150503E-01  0.14580370E+01  0.58268664E+01  0.48125000E+00
 -0.33192352E+00  0.29846144E+00 -0.17985858E+00  0.19538258E+01  0.24092267E+01  0.48125000E+00
 -0.18817101E+00 -0.89322500E-01  0.43383721E+00  0.44761966E+00  0.35847863E+01  0.48125000E+00
 -0.47374099E+00  0.80762043E-01  0.25466244E-01  0.15178547E+01  0.29727387E+01  0.48125000E+00
  0.35070798E+00 -0.19576560E+00  0.26510621E+00  0.98738997E+00  0.57740674E+01  0.48125000E+00
  0.31386237E+00 -0.29538270E+00  0.21410520E+00  0.11097405E+01  0.55281099E+01  0.48125000E+00
  0.46882901E+00 -0.29547408E-01  0.10453647E+00  0.13518322E+01  0.62202447E+01  0.48125000E+00
  0.31800371E+00 -0.89782549E-01 -0.34987755E+00  0.23847656E+01  0.60080157E+01  0.48125000E+00
  0.40917446E+00  0.25330600E+00  0.37278255E-02  0.15630501E+01  0.55432079E+00  0.48125000E+00
  0.97220416E-02  0.31717183E+00  0.36181359E+00  0.71997768E+00  0.15401536E+01  0.48125000E+00
 -0.12711365E+00 -0.30879814E-01 -0.46313078E+00  0.28663147E+01  0.33799069E+01  0.48125000E+00
 -0.35962991E-01  0.34866706E+00  0.32975674E+00  0.81590597E+00  0.16735771E+01  0.48125000E+00
 -0.22409603E+00 -0.37792516E+00 -0.19635454E+00  0.19910690E+01  0.41771591E+01  0.48125000E+00
 -0.76487736E-01 -0.29147625E+00 -0.37522365E+00  0.24649597E+01  0.44557602E+01  0.48125000E+00
  0.10149048E+00  0.38527651E+00 -0.26993195E+00  0.21662659E+01  0.13132252E+01  0.48125000E+00
  0.11406104E+00 -0.59698598E-01  0.46371081E+00  0.27080846E+00  0.58009999E+01  0.48125000E+00
  0.47128873E+00  0.82962915E-01  0.51045612E-01  0.14645276E+01  0.17424892E+00  0.48125000E+00
 -0.19693505E+00 -0.40403172E+00  0.17197825E+00  0.12053594E+01  0.42588521E+01  0.48125000E+00
  0.36555143E+00  0.26780487E+00 -0.16203168E+00  0.19141949E+01  0.63227515E+00  0.48125000E+00
 -0.16723774E+00 -0.40802363E+00 -0.19274287E+00  0.19828639E+01  0.43234008E+01  0.48125000E+00
  0.39196606E-01 -0.45755985E+00  0.14388944E+00  0.12671612E+01  0.47978448E+01  0.48125000E+00
  0.28637957E+00 -0.14827144E+00  0.35721686E+00  0.73434653E+00  0.58054431E+01  0.48125000E+00
 -0.96973345E-01 -0.82422712E-01  0.46411661E+00  0.26763827E+00  0.38460590E+01  0.48125000E+00
 -0.66393397E-01 -0.51216862E-01 -0.47388850E+00  0.29664597E+01  0.37986591E+01  0.48125000E+00
  0.20433201E+00  0.21046071E+00 -0.38151839E+00  0.24861291E+01  0.80017244E+00  0.48125000E+00
 -0.72375125E-01 -0.26136443E+00  0.39755759E+00  0.59865608E+00  0.44422454E+01  0.48125000E+00
 -0.35483123E+00  0.30242983E+00 -0.11930028E+00  0.18213049E+01  0.24357531E+01  0.48125000E+00
 -0.28958901E+00 -0.25436417E+00  0.28816425E+00  0.92881579E+00  0.38623240E+01  0.48125000E+00
  0.37443061E+00 -0.22118803E+00 -0.20610467E+00  0.20133732E+01  0.57496086E+01  0.48125000E+00
 -0.34120889E+00  0.22293281E+00  0.25588868E+00  0.10101700E+01  0.25628578E+01  0.48125000E+00
 -0.40612818E+00  0.20790882E+00 -0.15308620E+00  0.18945223E+01  0.26684474E+01  0.48125000E+00
 -0.13581118E+00 -0.23863778E+00  0.39523271E+00  0.60717556E+00  0.41949923E+01  0.48125000E+00
  0.35975665E+00 -0.27212958E+00 -0.16769677E+00  0.19267248E+01  0.56355837E+01  0.48125000E+00
  0.15982086E-01 -0.21999111E+00 -0.42772660E+00  0.26654783E+01  0.47849104E+01  0.48125000E+00
 -0.24277461E+00  0.38988224E+00  0.14371462E+00  0.12675418E+01  0.21277306E+01  0.48125000E+00
  0.36773748E+00 -0.84773777E-01 -0.29863709E+00  0.22402333E+01  0.60566155E+01  0.48125000E+00
 -0.31881491E+00 -0.32636710E+00 -0.15311151E+00  0.18945778E+01  0.39386958E+01  0.48125000E+00
 -0.31578491E+00 -0.35084866E+00  0.93737244E-01  0.13747645E+01  0.39795406E+01  0.48125000E+00
  0.10215465E+00 -0.44176041E+00  0.16128771E+00  0.12290390E+01  0.49396390E+01  0.48125000E+00
  0.45880510E+00 -0.16264729E-01 -0.14434299E+00  0.18754193E+01  0.62477500E+01  0.48125000E+00
  0.13444108E+00  0.45132001E+00  0.99183678E-01  0.13632128E+01  0.12812818E+01  0.48125000E+00
  0.40812472E+00 -0.24743140E+00 -0.61753339E-01  0.16994697E+01  0.57381725E+01  0.48125000E+00
  0.30634507E+00 -0.20161520E+00  0.31161767E+00  0.86647443E+00  0.57011153E+01  0.48125000E+00
 -0.16863734E+00  0.23481702E+00  0.38473885E+00  0.64440500E+00  0.21936098E+01  0.48125000E+00
 -0.14347038E-01  0.14681604E-01  0.48081200E+00  0.42667933E-01  0.23446696E+01  0.48125000E+00
  0.44073527E+00 -0.12940233E+00  0.14355843E+00  0.12678819E+01  0.59976052E+01  0.48125000E+00
  0.30196411E-01 -0.14605128E+00  0.45755739E+00  0.31508967E+00  0.49162684E+01  0.48125000E+00
 -0.26289991E+00  0.20098774E+00 -0.34941255E+00  0.23833594E+01  0.24888741E+01  0.48125000E+00
 -0.25256155E+00 -0.40948527E+00  0.11663669E-01  0.15465578E+01  0.41597239E+01  0.48125000E+00
  0.63351497E-02  0.46727497E+00  0.11495883E+00  0.13295887E+01  0.15572395E+01  0.48125000E+00
 -0.24864394E+00  0.13923158E+00  0.38780448E+00  0.63372474E+00  0.26311320E+01  0.48125000E+00
  0.36478335E+00  0.20890569E-01  0.31320641E+00  0.86213430E+00  0.57205943E-01  0.48125000E+00
  0.41816193E+00 -0.12458700E+00  0.20302768E+00  0.11352832E+01  0.59936198E+01  0.48125000E+00
  0.33829030E+00 -0.31709552E+00 -0.12888623E+00  0.18419214E+01  0.55301153E+01  0.48125000E+00
 -0.19380302E+00  0.29331099E+00 -0.32864968E+00  0.23225330E+01  0.21546863E+01  0.48125000E+00
  0.36805206E+00 -0.29231275E+00  0.10340454E+00  0.13542411E+01  0.56119813E+01  0.48125000E+00
  0.80253898E-01  0.43892063E+00 -0.18030407E+00  0.19548240E+01  0.13899502E+01  0.48125000E+00
  0.42039958E+00 -0.23421553E+00 -0.29727889E-02  0.15769736E+01  0.57748876E+01  0.48125000E+00
 -0.24857160E+00 -0.32971713E+00 -0.24718481E+00  0.21102074E+01  0.40664007E+01  0.48125000E+00
  0.13965423E+00  0.27914227E-02  0.46053281E+00  0.29448659E+00  0.63031707E+01  0.48125000E+00
 -0.16402713E-01  0.10022156E+00  0.47041275E+00  0.21262171E+00  0.17330226E+01  0.48125000E+00
 -0.37975483E+00  0.29547721E+00  0.90027555E-02  0.15520882E+01  0.24803652E+01  0.48125000E+00
 -0.13934683E+00 -0.12825812E+00  0.44241822E+00  0.40447131E+00  0.38855776E+01  0.48125000E+00
  0.14405508E+00 -0.45561827E+00  0.57111181E-01  0.14518434E+01  0.50186183E+01  0.48125000E+00
 -0.17338199E+00  0.32084411E+00  0.31400526E+00  0.85994590E+00  0.20662340E+01  0.48125000E+00
  0.14084549E+00  0.22219097E+00 -0.40298298E+00  0.25632454E+01  0.10058270E+01  0.48125000E+00
 -0.34640777E+00  0.18641174E+00 -0.27722532E+00  0.21846876E+01  0.26479098E+01  0.48125000E+00
 -0.47121027E+00  0.33354463E-01 -0.91923489E-01  0.17629872E+01  0.30709259E+01  0.48125000E+00
 -0.43775519E+00 -0.19419460E+00 -0.47543798E-01  0.16697500E+01  0.35591238E+01  0.48125000E+00
  0.91585739E-01 -0.46156192E+00  0.10086727E+00  0.13596363E+01  0.49082703E+01  0.48125000E+00
 -0.48027392E+00 -0.30448791E-01  0.33750192E-02  0.15637832E+01  0.32049067E+01  0.48125000E+00
 -0.21353247E+00 -0.42708673E+00  0.60019776E-01  0.14457543E+01  0.42487618E+01  0.48125000E+00
  0.17276372E+00  0.23406245E+00  0.38336540E+00  0.64914089E+00  0.93494865E+00  0.48125000E+00
  0.12601382E+00  0.41163850E+00 -0.21511816E+00  0.20342038E+01  0.12737276E+01  0.48125000E+00
 -0.21018998E+00 -0.18303162E+00 -0.39232787E+00  0.25239169E+01  0.38580340E+01  0.48125000E+00
  0.14753012E+00 -0.39799775E+00 -0.22679112E+00  0.20615087E+01  0.50673676E+01  0.48125000E+00
 -0.24503299E+00  0.41372875E+00  0.19720946E-01  0.15298063E+01  0.21055016E+01  0.48125000E+00
 -0.18388297E+00  0.17587663E+00  0.40848014E+00  0.55710393E+00  0.23784455E+01  0.48125000E+00
 -0.89625470E-01 -0.45305588E+00  0.13531152E+00  0.12857866E+01  0.45170863E+01  0.48125000E+00
  0.31477147E+00 -0.90443076E-01  0.35261953E+00  0.74849205E+00  0.60033931E+01  0.48125000E+00
 -0.40690566E+00  0.25371586E+00 -0.40713726E-01  0.16554975E+01  0.25840547E+01  0.48125000E+00
  0.45754647E+00  0.99292148E-01  0.11132773E+00  0.13373514E+01  0.21369653E+00  0.48125000E+00
  0.19000382E+00 -0.44202425E+00  0.10708695E-01  0.15485427E+01  0.51183599E+01  0.48125000E+00
 -0.40093365E-01  0.43446277E+00 -0.20306696E+00  0.20063995E+01  0.16628183E+01  0.48125000E+00
 -0.17052443E+00 -0.13659516E+00 -0.42879453E+00  0.26703429E+01  0.38169612E+01  0.48125000E+00
  0.17475373E+00  0.30411793E+00  0.32950719E+00  0.81661770E+00  0.10492440E+01  0.48125000E+00
  0.23124514E+00  0.30771169E+00  0.28886114E+00  0.92700651E+00  0.92633631E+00  0.48125000E+00
 -0.15991011E+00  0.18267636E-01 -0.45353788E+00  0.28005797E+01  0.30278488E+01  0.48125000E+00
  0.34080985E+00  0.19888512E+00  0.27549032E+00  0.96130871E+00  0.52824821E+00  0.48125000E+00
  0.17840475E+00  0.12959263E+00  0.42776052E+00  0.47596054E+00  0.62822312E+00  0.48125000E+00
  0.16944448E+00 -0.61206971E-01  0.44625535E+00  0.38370543E+00  0.59365489E+01  0.48125000E+00
  0.24622052E+00  0.40722801E+00 -0.71710313E-01  0.17203618E+01  0.10269825E+01  0.48125000E+00
  0.27154251E+00  0.31889376E+00 -0.23700842E+00  0.20857391E+01  0.86542395E+00  0.48125000E+00
  0.29886032E+00  0.26861434E+00  0.26482147E+00  0.98809873E+00  0.73214928E+00  0.48125000E+00
  0.67962820E-02  0.47774733E+00 -0.57557462E-01  0.16906832E+01  0.15565716E+01  0.48125000E+00
 -0.40484013E-01  0.45790566E+00 -0.14242548E+00  0.18712453E+01  0.16589783E+01  0.48125000E+00
 -0.35739490E+00 -0.30259410E+00  0.11093806E+00  0.13381836E+01  0.38441480E+01  0.48125000E+00
  0.44362548E-01 -0.47165601E+00 -0.84700272E-01  0.17477184E+01  0.48061701E+01  0.48125000E+00
 -0.23446255E+00  0.30214636E+00  0.29212403E+00  0.91850239E+00  0.22307246E+01  0.48125000E+00
  0.37659357E+00  0.29843049E+00 -0.26797173E-01  0.16265076E+01  0.67011853E+00  0.48125000E+00
 -0.41943199E+00  0.14492755E+00  0.18621056E+00  0.11734953E+01  0.28089030E+01  0.48125000E+00
 -0.36978296E+00  0.30287824E+00 -0.55918631E-01  0.16872539E+01  0.24553312E+01  0.48125000E+00
  0.94743459E-01 -0.18032273E+00  0.43601485E+00  0.43704848E+00  0.51961577E+01  0.48125000E+00
 -0.39291638E+00  0.12378059E+00  0.24879036E+00  0.10274924E+01  0.28364042E+01  0.48125000E+00
  0.47382615E+00 -0.78720179E-02 -0.83835385E-01  0.17458931E+01  0.62665731E+01  0.48125000E+00
 -0.87018471E-01  0.37081772E+00  0.29414889E+00  0.91319714E+00  0.18012922E+01  0.48125000E+00
  0.32171218E+00 -0.34493223E+00  0.95522732E-01  0.13709805E+01  0.54629700E+01  0.48125000E+00
 -0.24495269E+00 -0.10275823E+00  0.40129850E+00  0.58471937E+00  0.35387976E+01  0.48125000E+00
 -0.37310822E+00 -0.30022489E+00 -0.47506129E-01  0.16696714E+01  0.38191680E+01  0.48125000E+00
 -0.89798925E-01  0.29092115E+00 -0.37269639E+00  0.24566164E+01  0.18701891E+01  0.48125000E+00
  0.31444493E+00  0.33355320E+00  0.14652035E+00  0.12614271E+01  0.81487776E+00  0.48125000E+00
 -0.19932713E+00 -0.43131031E+00 -0.76430868E-01  0.17302890E+01  0.42794828E+01  0.48125000E+00
  0.48135788E-01  0.39494855E+00  0.27074000E+00  0.97329722E+00  0.14495159E+01  0.48125000E+00
  0.16289168E+00 -0.34882648E+00  0.28876972E+00  0.92724400E+00  0.51492656E+01  0.48125000E+00
 -0.30456747E+00 -0.29799920E+00 -0.22368885E+00  0.20542141E+01  0.39160908E+01  0.48125000E+00
  0.37920900E+00 -0.13998548E+00  0.26116310E+00  0.99717587E+00  0.59295521E+01  0.48125000E+00
  0.11372292E+00  0.34039915E+00  0.32061983E+00  0.84166371E+00  0.12483676E+01  0.48125000E+00
 -0.12928604E+00 -0.93367659E-01 -0.45405855E+00  0.28038295E+01  0.37670493E+01  0.48125000E+00
 -0.42009259E+00 -0.22244760E+00  0.75105534E-01  0.14140923E+01  0.36285767E+01  0.48125000E+00
  0.77357507E-01  0.34877204E+00 -0.32245223E+00  0.23050464E+01  0.13525301E+01  0.48125000E+00
 -0.29639708E+00 -0.33817760E-01 -0.37763302E+00  0.24729954E+01  0.32551975E+01  0.48125000E+00
 -0.40635385E+00 -0.26600247E-02  0.25781977E+00  0.10054250E+01  0.31481386E+01  0.48125000E+00
 -0.42887420E-01  0.25859991E+00 -0.40359425E+00  0.25655731E+01  0.17351451E+01  0.48125000E+00
 -0.22607731E+00  0.20665128E+00  0.37119518E+00  0.68989216E+00  0.24010563E+01  0.48125000E+00
 -0.20074362E+00 -0.32980526E+00 -0.28728392E+00  0.22104949E+01  0.41656165E+01  0.48125000E+00
 -0.43509720E+00  0.16700126E-01  0.20497096E+00  0.11308248E+01  0.31032290E+01  0.48125000E+00
  0.37207830E+00  0.12537444E+00  0.27828143E+00  0.95421778E+00  0.32500844E+00  0.48125000E+00
 -0.12970437E+00  0.42598372E+00  0.18252729E+00  0.11817810E+01  0.18663600E+01  0.48125000E+00
 -0.26850990E+00 -0.37155839E+00  0.14645258E+00  0.12615749E+01  0.40866171E+01  0.48125000E+00
 -0.23071484E+00 -0.12232845E+00 -0.40423752E+00  0.25680318E+01  0.36291190E+01  0.48125000E+00
  0.35593398E-01  0.38369755E+00 -0.28828954E+00  0.22131020E+01  0.14782968E+01  0.48125000E+00
  0.14895317E+00 -0.44286130E+00 -0.11527528E+00  0.18126812E+01  0.50368455E+01  0.48125000E+00
 -0.27854128E+00  0.17647767E+00  0.35053095E+00  0.75484755E+00  0.25768485E+01  0.48125000E+00
 -0.67823241E-01  0.10939874E-01 -0.47632120E+00  0.29983503E+01  0.29816703E+01  0.48125000E+00
  0.26749665E+00 -0.30480749E+00  0.25911290E+00  0.10022396E+01  0.54326852E+01  0.48125000E+00
  0.25710077E+00 -0.20683630E+00  0.35031343E+00  0.75550700E+00  0.56057095E+01  0.48125000E+00
 -0.16215561E+00 -0.43215158E+00 -0.13620620E+00  0.18577438E+01  0.43534180E+01  0.48125000E+00
 -0.18398682E-01 -0.31623477E+00 -0.36229632E+00  0.24231376E+01  0.46542740E+01  0.48125000E+00
  0.40520818E+00 -0.58726019E-01 -0.25290145E+00  0.21241102E+01  0.61392594E+01  0.48125000E+00
 -0.43909534E+00 -0.66041735E-01 -0.18556761E+00  0.19666490E+01  0.32908778E+01  0.48125000E+00
  0.35467377E+00 -0.19288615E+00 -0.26192177E+00  0.21462948E+01  0.57850830E+01  0.48125000E+00
  0.27966455E-01  0.57668148E-01  0.47696313E+00  0.13357428E+00  0.11192570E+01  0.48125000E+00
  0.43676133E+00  0.10095501E+00 -0.17506908E+00  0.19431190E+01  0.22715519E+00  0.48125000E+00
  0.27012273E+00  0.60946485E-01  0.39359979E+00  0.61309738E+00  0.22190940E+00  0.48125000E+00
  0.10871951E+00  0.46672219E+00  0.44181778E-01  0.14788606E+01  0.13419349E+01  0.48125000E+00
  0.43021444E+00 -0.56858185E-01  0.20804865E+00  0.11237446E+01  0.61517844E+01  0.48125000E+00
  0.23187099E+00 -0.42011981E+00 -0.36561551E-01  0.16468417E+01  0.52167023E+01  0.48125000E+00
  0.20390025E+00 -0.26148335E+00 -0.34878748E+00  0.23814725E+01  0.53746803E+01  0.48125000E+00
 -0.14471270E+00 -0.45859152E+00 -0.18804565E-01  0.16098807E+01  0.44067197E+01  0.48125000E+00
 -0.40443205E+00 -0.82035574E-01 -0.24760138E+00  0.21112166E+01  0.33417189E+01  0.48125000E+00
  0.24207072E+00  0.39080897E+00 -0.14237864E+00  0.18711433E+01  0.10162274E+01  0.48125000E+00
  0.29719403E+00  0.12166723E+00 -0.35843320E+00  0.24110258E+01  0.38857193E+00  0.48125000E+00
  0.13236035E+00  0.41525819E+00  0.20406602E+00  0.11329021E+01  0.12622347E+01  0.48125000E+00
 -0.38896354E+00 -0.22585538E+00 -0.17116738E+00  0.19344298E+01  0.36676698E+01  0.48125000E+00
  0.29124359E+00  0.36683945E+00 -0.11048778E+00  0.18024476E+01  0.89976967E+00  0.48125000E+00
  0.15513963E-02 -0.39991961E+00 -0.26770033E+00  0.21606753E+01  0.47162682E+01  0.48125000E+00
  0.17736801E+00 -0.41581162E+00 -0.16505407E+00  0.19208726E+01  0.51155790E+01  0.48125000E+00
  0.15153283E+00  0.10323045E+00 -0.44495262E+00  0.27507199E+01  0.59802508E+00  0.48125000E+00
  0.45250671E+00  0.51057246E-01  0.15566758E+00  0.12414072E+01  0.11235682E+00  0.48125000E+00
 -0.98601392E-01  0.43446175E+00 -0.18199537E+00  0.19586174E+01  0.17939667E+01  0.48125000E+00
  0.42454763E+00  0.16525381E+00 -0.15508724E+00  0.18989114E+01  0.37120215E+00  0.48125000E+00
 -0.32449193E-01 -0.16749831E+00 -0.44999214E+00  0.27791925E+01  0.45210309E+01  0.48125000E+00
 -0.22347754E+00 -0.40907029E+00  0.11966974E+00  0.13194952E+01  0.42123863E+01  0.48125000E+00
  0.22614555E+00  0.15491153E+00 -0.39555300E+00  0.25355845E+01  0.60059326E+00  0.48125000E+00
  0.47940853E+00  0.18150348E-01  0.37941887E-01  0.14918741E+01  0.37841803E-01  0.48125000E+00
  0.18894453E+00  0.30612425E+00 -0.31967088E+00  0.22972879E+01  0.10178147E+01  0.48125000E+00
 -0.40925614E+00  0.16053207E+00 -0.19580713E+00  0.19898235E+01  0.27677823E+01  0.48125000E+00
  0.16804477E-01  0.21775704E+00  0.42883685E+00  0.47105597E+00  0.14937782E+01  0.48125000E+00
  0.22809194E+00  0.25094575E+00 -0.34147015E+00  0.23596534E+01  0.83306979E+00  0.48125000E+00
  0.10069293E+00  0.63806363E-01  0.46625234E+00  0.25030859E+00  0.56481156E+00  0.48125000E+00
  0.22113162E+00  0.35536256E+00  0.23752857E+00  0.10546113E+01  0.10141622E+01  0.48125000E+00
  0.31114407E+00 -0.33304317E+00  0.15450948E+00  0.12439492E+01  0.54638053E+01  0.48125000E+00
  0.16430365E+00  0.38359254E+00  0.23971365E+00  0.10493828E+01  0.11661097E+01  0.48125000E+00
  0.16471680E+00  0.45177434E+00  0.19232423E-01  0.15308222E+01  0.12211747E+01  0.48125000E+00
 -0.78890963E-01 -0.14264058E+00  0.45280398E+00  0.34554384E+00  0.42071878E+01  0.48125000E+00
  0.51113062E-01 -0.37538457E+00 -0.29677507E+00  0.22353089E+01  0.48477186E+01  0.48125000E+00
  0.10850079E+00  0.38166710E+00  0.27232217E+00  0.96931524E+00  0.12938221E+01  0.48125000E+00
 -0.32535629E+00  0.34893131E+00 -0.63180587E-01  0.17024607E+01  0.23212459E+01  0.48125000E+00
  0.25330705E+00 -0.21413565E+00 -0.34868757E+00  0.23811712E+01  0.55813912E+01  0.48125000E+00
  0.34555165E+00  0.24836484E+00 -0.22474547E+00  0.20566954E+01  0.62319854E+00  0.48125000E+00
  0.45211094E+00 -0.13289554E+00 -0.97652657E-01  0.17751299E+01  0.59972932E+01  0.48125000E+00
 -0.40600929E+00  0.20282328E+00  0.16006480E+00  0.12317348E+01  0.26783025E+01  0.48125000E+00
  0.10988508E-01 -0.48052456E+00  0.24020070E-01  0.15208637E+01  0.47352527E+01  0.48125000E+00
 -0.28203220E+00  0.27574351E+00 -0.27572617E+00  0.21808818E+01  0.23674686E+01  0.48125000E+00
 -0.38277899E+00 -0.26647095E+00 -0.11863826E+00  0.18198852E+01  0.37497289E+01  0.48125000E+00
  0.28372182E+00  0.34776389E+00 -0.17367720E+00  0.19400159E+01  0.88646753E+00  0.48125000E+00
 -0.23322645E+00 -0.36661266E+00  0.20688679E+00  0.11264203E+01  0.41458006E+01  0.48125000E+00
  0.13552320E+00 -0.20089000E+00 -0.41578628E+00  0.26139006E+01  0.53058734E+01  0.48125000E+00
  0.34381852E+00  0.32927723E+00 -0.70476199E-01  0.17177689E+01  0.76379792E+00  0.48125000E+00
  0.34071167E+00 -0.33943223E+00 -0.17403547E-01  0.16069674E+01  0.54996683E+01  0.48125000E+00
 -0.17567863E-01 -0.23921311E+00  0.41721700E+00  0.52175783E+00  0.46390804E+01  0.48125000E+00
 -0.30746971E+00  0.32178501E-01 -0.36882039E+00  0.24439832E+01  0.30373164E+01  0.48125000E+00
 -0.41545277E+00  0.97511715E-01 -0.22246803E+00  0.20513512E+01  0.29110537E+01  0.48125000E+00
  0.18976333E+00  0.43569098E+00  0.75926392E-01  0.14123653E+01  0.11600274E+01  0.48125000E+00
 -0.18326985E+00  0.37277201E+00 -0.24301183E+00  0.21001316E+01  0.20277341E+01  0.48125000E+00
  0.16186939E+00 -0.41721272E+00  0.17701246E+00  0.11941348E+01  0.50824889E+01  0.48125000E+00
 -0.73279366E-02 -0.47842257E+00 -0.51572351E-01  0.16781658E+01  0.46970733E+01  0.48125000E+00
 -0.20584089E+00  0.11938479E+00  0.41830415E+00  0.51720729E+00  0.26160195E+01  0.48125000E+00
 -0.29620889E+00 -0.84733245E-01  0.36970547E+00  0.69474159E+00  0.34202111E+01  0.48125000E+00
 -0.40401682E-01  0.37863400E+00 -0.29428822E+00  0.22287614E+01  0.16770979E+01  0.48125000E+00
 -0.31485386E+00 -0.28216762E+00  0.22989137E+00  0.10727657E+01  0.38722966E+01  0.48125000E+00
  0.43916822E+00  0.19318369E+00 -0.37588469E-01  0.16489819E+01  0.41441087E+00  0.48125000E+00
 -0.31107172E+00  0.16134630E+00 -0.32985348E+00  0.23259627E+01  0.26631139E+01  0.48125000E+00
 -0.82759068E-01  0.10388948E+00  0.46255754E+00  0.27962675E+00  0.22434648E+01  0.48125000E+00
 -0.10021016E+00  0.23366141E+00 -0.40860963E+00  0.25849978E+01  0.19759396E+01  0.48125000E+00
 -0.42630619E+00  0.20657140E+00 -0.84810701E-01  0.17479515E+01  0.26903723E+01  0.48125000E+00
 -0.26705583E-01 -0.18247933E+00  0.44451059E+00  0.39327660E+00  0.45670720E+01  0.48125000E+00
 -0.45376749E+00  0.48568122E-01 -0.15276704E+00  0.18938229E+01  0.30349655E+01  0.48125000E+00
  0.38985729E+00  0.21230544E+00 -0.18584739E+00  0.19672791E+01  0.49866645E+00  0.48125000E+00
 -0.40803201E+00 -0.24923667E+00 -0.54703931E-01  0.16847131E+01  0.36899346E+01  0.48125000E+00
 -0.43770598E+00  0.19914117E+00 -0.18916357E-01  0.16101132E+01  0.27146170E+01  0.48125000E+00
  0.29892620E+00  0.26693433E+00 -0.26644090E+00  0.21575294E+01  0.72892162E+00  0.48125000E+00
  0.29027436E+00 -0.35836412E+00 -0.13754096E+00  0.18606368E+01  0.53931968E+01  0.48125000E+00
 -0.21212964E+00  0.17560198E+00 -0.39467268E+00  0.25323805E+01  0.24501259E+01  0.48125000E+00
 -0.11137585E+00 -0.33874540E+00  0.32318499E+00  0.83449328E+00  0.43947336E+01  0.48125000E+00
 -0.37541069E+00 -0.17466456E+00  0.24527672E+00  0.10359999E+01  0.35770662E+01  0.48125000E+00
 -0.45952151E+00  0.97136436E-01 -0.10490977E+00  0.17905552E+01  0.29332733E+01  0.48125000E+00
  0.21704104E+00  0.41530785E-01 -0.42751602E+00  0.26645245E+01  0.18906451E+00  0.48125000E+00
  0.16356124E+00 -0.38668883E+00  0.23520423E+00  0.10601559E+01  0.51125465E+01  0.48125000E+00
  0.20634409E+00  0.39278160E+00  0.18640358E+00  0.11730603E+01  0.10870824E+01  0.48125000E+00
  0.40642572E+00  0.22638029E+00 -0.12317331E+00  0.18296210E+01  0.50820379E+00  0.48125000E+00
 -0.41477198E+00  0.22583162E+00  0.92551854E-01  0.13772751E+01  0.26430037E+01  0.48125000E+00
 -0.28344493E-01  0.45074988E+00  0.16620079E+00  0.12181822E+01  0.16335966E+01  0.48125000E+00
  0.38481093E+00  0.63169249E-01 -0.28201375E+00  0.21969131E+01  0.16270545E+00  0.48125000E+00
 -0.17235824E+00  0.34180918E+00 -0.29165165E+00  0.22218557E+01  0.20378404E+01  0.48125000E+00
  0.10289397E+00  0.66978563E-01 -0.46532598E+00  0.28836276E+01  0.57704096E+00  0.48125000E+00
  0.15927542E+00 -0.95730830E-01 -0.44392399E+00  0.27451474E+01  0.57420018E+01  0.48125000E+00
 -0.25238404E+00  0.40142842E+00  0.82213639E-01  0.13991207E+01  0.21320626E+01  0.48125000E+00
  0.34034842E+00 -0.14202964E+00 -0.30917972E+00  0.22684892E+01  0.58878490E+01  0.48125000E+00
 -0.42091099E+00 -0.16821288E+00 -0.16167847E+00  0.19134156E+01  0.35217887E+01  0.48125000E+00
 -0.30758066E+00 -0.25556091E+00 -0.26773928E+00  0.21607727E+01  0.38348780E+01  0.48125000E+00
 -0.19500251E+00  0.73066810E-01  0.43386268E+00 -0.44749738E+00 -0.35850479E+00  0.48125000E+00
 -0.10369606E+00 -0.16409634E+00 -0.44036471E+00  0.27264122E+01  0.41488276E+01  0.48125000E+00
 -0.13793709E+00 -0.28244864E+00 -0.36441417E+00  0.24298491E+01  0.42580953E+01  0.48125000E+00
  0.82367667E-01  0.45779525E+00 -0.12345299E+00  0.18302222E+01  0.13927785E+01  0.48125000E+00
 -0.14176291E+00 -0.36703705E+00  0.27710764E+00  0.95720414E+00  0.43438042E+01  0.48125000E+00
  0.20735833E+00  0.17808035E+00  0.39609528E+00  0.60402697E+00  0.70958361E+00  0.48125000E+00
 -0.25375310E+00  0.24386753E+00  0.32823704E+00  0.82023279E+00  0.23760576E+01  0.48125000E+00
  0.19466390E+00  0.94245010E-02  0.44002126E+00  0.41694624E+00  0.48376447E-01  0.48125000E+00
 -0.29123781E+00  0.34167002E+00  0.17333119E+00  0.12023476E+01  0.22766792E+01  0.48125000E+00
  0.12519763E+00 -0.46466763E+00 -0.33335469E-02  0.15777232E+01  0.49755739E+01  0.48125000E+00
  0.78926771E-01  0.19331789E+00  0.43359004E+00  0.44880483E+00  0.11831771E+01  0.48125000E+00
  0.20333657E+00 -0.11294114E+00  0.42130761E+00  0.50444185E+00  0.57761756E+01  0.48125000E+00
  0.42782245E+00  0.56323408E-01  0.21306616E+00  0.11121498E+01  0.13089858E+00  0.48125000E+00
  0.30246680E+00  0.37090003E+00 -0.50483289E-01  0.16758900E+01  0.88667888E+00  0.48125000E+00
  0.21280037E+00  0.26010551E+00  0.34447451E+00  0.77303989E+00  0.88509728E+00  0.48125000E+00
  0.40489963E+00  0.14799841E+00 -0.21390260E+00  0.20313821E+01  0.35043254E+00  0.48125000E+00
  0.45396681E+00  0.14641294E+00  0.63866644E-01  0.14376938E+01  0.31198632E+00  0.48125000E+00
 -0.11843478E+00 -0.40118209E+00 -0.23796575E+00  0.20880262E+01  0.44253283E+01  0.48125000E+00
  0.86803553E-01 -0.12267100E+00  0.45718544E+00  0.31757410E+00  0.53282059E+01  0.48125000E+00
 -0.25232985E+00 -0.40318016E+00 -0.73327771E-01  0.17237615E+01  0.41531795E+01  0.48125000E+00
 -0.13362276E+00  0.28326882E+00  0.36538377E+00  0.70865333E+00  0.20115628E+01  0.48125000E+00
 -0.12559654E+00 -0.29074246E+00  0.36234775E+00  0.71829270E+00  0.43046164E+01  0.48125000E+00
 -0.44131451E+00  0.18603912E+00  0.47249467E-01  0.14724572E+01  0.27426421E+01  0.48125000E+00
 -0.39006713E+00 -0.27362782E+00  0.67653589E-01  0.14297502E+01  0.37533173E+01  0.48125000E+00
 -0.28725426E+00  0.38555004E+00 -0.20921779E-01  0.16142839E+01  0.22111222E+01  0.48125000E+00
  0.29843694E+00  0.20441813E+00  0.31741170E+00  0.85056738E+00  0.60056226E+00  0.48125000E+00
 -0.38966506E+00  0.69773209E-01 -0.27366841E+00  0.21756742E+01  0.29644109E+01  0.48125000E+00
  0.38429682E+00 -0.12979568E+00 -0.25897992E+00  0.21390252E+01  0.59574664E+01  0.48125000E+00
 -0.23921137E+00  0.35437260E+00 -0.22090619E+00  0.20476947E+01  0.21645651E+01  0.48125000E+00
 -0.46864072E+00 -0.78311516E-01 -0.76450905E-01  0.17303312E+01  0.33071663E+01  0.48125000E+00
  0.33307954E+00  0.34736026E+00  0.65346295E-03  0.15694385E+01  0.80638257E+00  0.48125000E+00
  0.30810430E+00  0.54808502E-01 -0.36560816E+00  0.24336561E+01  0.17604787E+00  0.48125000E+00
  0.42603457E+00  0.20826996E+00  0.81973962E-01  0.13996262E+01  0.45469349E+00  0.48125000E+00
  0.12458472E+00  0.31420619E+00 -0.34257069E+00  0.23629041E+01  0.11933054E+01  0.48125000E+00
 -0.85389286E-01  0.47064738E+00  0.52927125E-01  0.14605950E+01  0.17502735E+01  0.48125000E+00
  0.95397427E-01 -0.29690685E+00 -0.36653406E+00  0.24366199E+01  0.50232746E+01  0.48125000E+00
  0.28863764E+00 -0.15598563E+00 -0.35207721E+00  0.23914462E+01  0.57877267E+01  0.48125000E+00
 -0.46434700E+00 -0.30151270E-01 -0.12277756E+00  0.18287704E+01  0.32064343E+01  0.48125000E+00
  0.21411731E+00 -0.41085254E+00  0.13021339E+00  0.12968078E+01  0.51928160E+01  0.48125000E+00
 -0.39294529E+00  0.25583400E+00 -0.10837216E+00  0.17979333E+01  0.25644672E+01  0.48125000E+00
  0.44177646E+00  0.36459986E-01 -0.18736539E+00  0.19707012E+01  0.82343779E-01  0.48125000E+00
  0.16675990E+00  0.26584602E+00 -0.36485420E+00  0.24312502E+01  0.10105591E+01  0.48125000E+00
 -0.36928319E+00 -0.21628701E-01  0.30783711E+00  0.87673847E+00  0.32000952E+01  0.48125000E+00
  0.14459254E+00 -0.25678034E+00 -0.38047131E+00  0.24825678E+01  0.52252327E+01  0.48125000E+00
  0.35575689E+00  0.27914032E+00  0.16467933E+00  0.12215488E+01  0.66530333E+00  0.48125000E+00
 -0.47107723E+00  0.88534889E-01 -0.43004361E-01  0.16602754E+01  0.29558184E+01  0.48125000E+00
  0.14426596E+00  0.18667308E+00  0.41945447E+00  0.51235239E+00  0.91284540E+00  0.48125000E+00
 -0.44450177E+00 -0.13596037E+00  0.12463755E+00  0.13088229E+01  0.34384273E+01  0.48125000E+00
  0.39478297E+00  0.57495629E-01  0.26915092E+00  0.97728578E+00  0.14462179E+00  0.48125000E+00
  0.47342080E-01  0.35509357E+00  0.32135471E+00  0.83961422E+00  0.14382551E+01  0.48125000E+00
  0.40046218E+00 -0.81985760E-01  0.25398807E+00  0.10148264E+01  0.60812479E+01  0.48125000E+00
  0.10758508E+00  0.24036406E+00  0.40280533E+00  0.57902225E+00  0.11499465E+01  0.48125000E+00
  0.27991667E+00 -0.30025222E+00 -0.25119081E+00  0.21199376E+01  0.54627504E+01  0.48125000E+00
 -0.24603007E+00  0.25950194E+00 -0.32207066E+00  0.23039788E+01  0.23295519E+01  0.48125000E+00
 -0.37556311E+00 -0.56437039E-01 -0.29558209E+00  0.22321638E+01  0.32907497E+01  0.48125000E+00
 -0.35822838E+00 -0.12829939E+00  0.29464089E+00  0.91190477E+00  0.34855093E+01  0.48125000E+00
  0.38044000E+00  0.22564758E+00  0.18960521E+00  0.11658332E+01  0.53534727E+00  0.48125000E+00
  0.26804843E+00  0.17792535E+00 -0.35790246E+00  0.24093746E+01  0.58600189E+00  0.48125000E+00
 -0.10155050E+00  0.45474719E+00 -0.12039123E+00  0.18236455E+01  0.17905035E+01  0.48125000E+00
  0.31398400E+00  0.30315029E+00  0.20276961E+00  0.11358746E+01  0.76784510E+00  0.48125000E+00
 -0.18306365E+00 -0.37124940E+00 -0.24548553E+00  0.21060972E+01  0.42542754E+01  0.48125000E+00
  0.17465184E+00 -0.15252004E+00 -0.42170598E+00  0.26388662E+01  0.55653300E+01  0.48125000E+00
 -0.35175130E+00  0.16357742E+00  0.28480697E+00  0.93749799E+00  0.27063044E+01  0.48125000E+00
  0.26981381E+00  0.39840800E+00 -0.85517970E-02  0.15885672E+01  0.97551633E+00  0.48125000E+00
  0.36876889E+00  0.18940056E+00 -0.24441460E+00  0.21035119E+01  0.47447015E+00  0.48125000E+00
  0.22440613E+00  0.40644716E+00  0.12666552E+00  0.13044575E+01  0.10663297E+01  0.48125000E+00
 -0.19125766E+00  0.44069685E+00  0.28431594E-01  0.15116833E+01  0.19802562E+01  0.48125000E+00
  0.29620471E+00  0.37665286E+00  0.44687313E-01  0.14778056E+01  0.90439521E+00  0.48125000E+00
  0.30587903E+00  0.95645512E-01  0.35901465E+00  0.72875442E+00  0.30305855E+00  0.48125000E+00
 -0.45998498E+00 -0.13253457E+00 -0.49497174E-01  0.16738298E+01  0.34221225E+01  0.48125000E+00
  0.24781434E+00  0.28904244E+00 -0.29435367E+00  0.22289333E+01  0.86204308E+00  0.48125000E+00
 -0.31346819E-01  0.14464172E+00 -0.45792763E+00  0.28289950E+01  0.17842163E+01  0.48125000E+00
  0.21223106E+00 -0.26080230E+00  0.34429885E+00  0.77356244E+00  0.53954654E+01  0.48125000E+00
 -0.20080360E-01 -0.11684811E+00  0.46641705E+00  0.24892314E+00  0.45422012E+01  0.48125000E+00
 -0.25564952E-01  0.47677589E+00  0.60272245E-01  0.14452256E+01  0.16243655E+01  0.48125000E+00
  0.15481999E+00 -0.25090916E+00  0.38036420E+00  0.65938824E+00  0.52652409E+01  0.48125000E+00
 -0.42905377E+00  0.83707646E-01  0.20126464E+00  0.11393200E+01  0.29489147E+01  0.48125000E+00
 -0.20622610E+00 -0.17626939E-01 -0.43446709E+00  0.26970066E+01  0.32268593E+01  0.48125000E+00
  0.46108052E+00  0.48296580E-01 -0.12912689E+00  0.18424404E+01  0.10436594E+00  0.48125000E+00
 -0.27104580E+00  0.32098134E+00  0.23474819E+00  0.10612418E+01  0.22720469E+01  0.48125000E+00
 -0.60817130E-01  0.30577274E+00  0.36661406E+00  0.70471617E+00  0.17671306E+01  0.48125000E+00
 -0.34293950E+00  0.33230688E+00  0.59717663E-01  0.14463870E+01  0.23719395E+01  0.48125000E+00
 -0.40249484E+00 -0.11857071E+00  0.23567022E+00  0.10590457E+01  0.34280782E+01  0.48125000E+00
  0.54538426E-01 -0.27674135E-01 -0.47734816E+00  0.30141666E+01  0.58136157E+01  0.48125000E+00
 -0.25659310E+00 -0.28300345E+00 -0.29269540E+00  0.22245851E+01  0.39758964E+01  0.48125000E+00
 -0.35244104E+00  0.11784603E+00 -0.30577637E+00  0.22592962E+01  0.28189086E+01  0.48125000E+00
 -0.41999025E-01 -0.44787528E+00 -0.17101280E+00  0.19340862E+01  0.46188885E+01  0.48125000E+00
 -0.58801979E-01 -0.21496581E+00 -0.42653674E+00  0.26601118E+01  0.44453796E+01  0.48125000E+00
 -0.29019161E+00  0.30875164E+00 -0.22817278E+00  0.20647666E+01  0.23252164E+01  0.48125000E+00
 -0.47981511E-01  0.21620798E+00  0.42726274E+00  0.47821306E+00  0.17891801E+01  0.48125000E+00
 -0.21162023E+00  0.51379794E-01 -0.42916029E+00  0.26720198E+01  0.29034090E+01  0.48125000E+00
  0.34256600E+00  0.24584493E+00  0.23197062E+00  0.10678411E+01  0.62247835E+00  0.48125000E+00
  0.26441215E+00  0.25591802E+00  0.31015116E+00  0.87046647E+00  0.76907511E+00  0.48125000E+00
 -0.33221744E+00 -0.18650068E+00  0.29402488E+00  0.91352267E+00  0.36531319E+01  0.48125000E+00
 -0.36195548E-02  0.17978999E-01 -0.48090042E+00  0.31797104E+01  0.49110547E+01  0.48125000E+00
  0.88453335E-01 -0.45536754E+00 -0.12813265E+00  0.18402965E+01  0.49042458E+01  0.48125000E+00
 -0.11799383E+00  0.15209360E-01  0.46631287E+00  0.24980029E+00  0.30133999E+01  0.48125000E+00
  0.46403830E+00 -0.12213053E+00 -0.36798850E-01  0.16473362E+01  0.60258310E+01  0.48125000E+00
  0.15593235E+00  0.74079311E-01  0.44922035E+00  0.36689720E+00  0.44350822E+00  0.48125000E+00
 -0.45867470E+00  0.12737430E+00  0.70674409E-01  0.14234074E+01  0.28707173E+01  0.48125000E+00
  0.73018000E-01  0.30909401E+00  0.36156719E+00  0.72075385E+00  0.13388168E+01  0.48125000E+00
 -0.12996711E-01 -0.44282398E+00  0.18798823E+00  0.11694860E+01  0.46830478E+01  0.48125000E+00
  0.46805445E+00 -0.70527773E-01 -0.86904726E-01  0.17523737E+01  0.61336276E+01  0.48125000E+00
  0.66570738E-01  0.47660385E+00 -0.43202869E-02  0.15797737E+01  0.14320169E+01  0.48125000E+00
 -0.24892538E+00 -0.62727218E-01 -0.40706635E+00  0.25789570E+01  0.33884453E+01  0.48125000E+00
  0.11414991E+00  0.13562721E+00  0.44741102E+00  0.37723892E+00  0.87117307E+00  0.48125000E+00
  0.30764035E+00 -0.36832926E+00  0.35951805E-01  0.14960216E+01  0.54082467E+01  0.48125000E+00
  0.17129803E+00 -0.44678122E+00 -0.51430381E-01  0.16778691E+01  0.50785077E+01  0.48125000E+00
  0.21718280E+00 -0.38467209E+00  0.19094652E+00  0.11627988E+01  0.52263662E+01  0.48125000E+00
  0.34499845E+00  0.97128182E-01 -0.32116001E+00  0.23014351E+01  0.27442897E+00  0.48125000E+00
  0.19445909E+00 -0.21095054E+00 -0.38637688E+00  0.25028752E+01  0.54571311E+01  0.48125000E+00
  0.38697299E+00 -0.73608688E-02 -0.28600575E+00  0.22071884E+01 -0.19019367E-01  0.48125000E+00
 -0.41173006E+00 -0.16341282E+00  0.18808553E+00  0.11692664E+01  0.35194178E+01  0.48125000E+00
  0.21571898E+00 -0.93803226E-01 -0.41984264E+00  0.26308880E+01  0.58730098E+01  0.48125000E+00
  0.15747095E+00 -0.18400442E+00  0.41586877E+00  0.52735159E+00  0.54202405E+01  0.48125000E+00
 -0.46044115E+00  0.13996303E+00  0.24216097E-02  0.15657644E+01  0.28464922E+01  0.48125000E+00
  0.16320437E+00 -0.32190503E-01 -0.45158573E+00  0.27886510E+01  0.60884446E+01  0.48125000E+00
  0.32845087E+00  0.34197469E+00  0.82309802E-01  0.13989179E+01  0.80556743E+00  0.48125000E+00
 -0.24910341E+00  0.38471492E+00 -0.14677698E+00  0.18807254E+01  0.21454130E+01  0.48125000E+00
 -0.18691049E+00 -0.73883733E-01 -0.43727248E+00  0.27107596E+01  0.35180316E+01  0.48125000E+00
 -0.31004901E+00  0.34712228E+00 -0.12238176E+00  0.18279199E+01  0.22998408E+01  0.48125000E+00
  0.38903093E+00 -0.25688054E-01  0.28212873E+00  0.94438463E+00  0.62172501E+01  0.48125000E+00
  0.35266518E-01  0.13311872E+00 -0.46112606E+00  0.28513834E+01  0.13118204E+01  0.48125000E+00
  0.20518626E+00 -0.37936802E+00 -0.21349489E+00  0.20304366E+01  0.52081904E+01  0.48125000E+00
 -0.30381582E+00  0.22285774E+00 -0.29938594E+00  0.22422192E+01  0.25087165E+01  0.48125000E+00
  0.23581403E+00 -0.39113715E+00 -0.15167411E+00  0.18914289E+01  0.52549333E+01  0.48125000E+00
 -0.11365705E+00  0.37002747E+00 -0.28594284E+00  0.22070259E+01  0.18688075E+01  0.48125000E+00
  0.39065516E+00 -0.25432802E+00 -0.11961340E+00  0.18219766E+01  0.57060867E+01  0.48125000E+00
  0.20924156E+00 -0.42156629E+00 -0.10050569E+00  0.17811880E+01  0.51731069E+01  0.48125000E+00
  0.24081413E+00  0.12133509E+00  0.39860747E+00  0.59477382E+00  0.46672581E+00  0.48125000E+00
  0.33239608E+00  0.32066201E+00 -0.13524158E+00  0.18556546E+01  0.76743221E+00  0.48125000E+00
 -0.33769462E-01 -0.41514329E+00  0.24107516E+00  0.10461171E+01  0.46312236E+01  0.48125000E+00
  0.26938097E+00  0.32082313E+00  0.23687122E+00  0.10561811E+01  0.87233840E+00  0.48125000E+00
  0.40740185E+00  0.11602252E+00  0.22839454E+00  0.10763026E+01  0.27744163E+00  0.48125000E+00
 -0.85058018E-02 -0.38625488E+00  0.28694316E+00  0.93198009E+00  0.46903713E+01  0.48125000E+00
  0.41952363E-01  0.47618324E+00  0.55597528E-01  0.14550105E+01  0.14829219E+01  0.48125000E+00
  0.38597816E+00 -0.23662692E+00  0.16318740E+00  0.12248462E+01  0.57332198E+01  0.48125000E+00
 -0.11131535E+00  0.33020226E+00  0.33192909E+00  0.80969019E+00  0.18959444E+01  0.48125000E+00
 -0.31296419E+00 -0.16134308E+00 -0.32806004E+00  0.23208571E+01  0.36175886E+01  0.48125000E+00
 -0.12888499E+00  0.46362165E+00  0.67221729E-02  0.15568277E+01  0.18419458E+01  0.48125000E+00
  0.16088123E+00 -0.30278314E+00  0.33769981E+00  0.79299606E+00  0.52007942E+01  0.48125000E+00
  0.16246767E+00  0.35309797E-01 -0.45161824E+00  0.27888465E+01  0.21400625E+00  0.48125000E+00
  0.41864412E+00 -0.18443210E+00  0.14941040E+00  0.12551161E+01  0.58682209E+01  0.48125000E+00
 -0.26434040E+00 -0.40697984E-01  0.40008672E+00  0.58926561E+00  0.32943537E+01  0.48125000E+00
 -0.14360720E+00  0.45361057E+00  0.72221795E-01  0.14201560E+01  0.18774002E+01  0.48125000E+00
  0.36734393E+00 -0.30171319E+00 -0.75027667E-01  0.17273365E+01  0.55955687E+01  0.48125000E+00
  0.28901750E+00 -0.38403455E+00 -0.24246811E-01  0.16212007E+01  0.53575405E+01  0.48125000E+00
  0.99107398E-01  0.44294804E+00  0.15992598E+00  0.12320407E+01  0.13506768E+01  0.48125000E+00
 -0.47833899E+00  0.18798919E-01  0.49396063E-01  0.14679741E+01  0.31023125E+01  0.48125000E+00
 -0.23207736E+00  0.31893574E+00 -0.27572024E+00  0.21808668E+01  0.21998471E+01  0.48125000E+00
  0.59658677E-01  0.11018181E+00  0.46465296E+00  0.26339107E+00  0.10745359E+01  0.48125000E+00
 -0.23175363E+00  0.41939396E+00 -0.44727166E-01  0.16638702E+01  0.20756272E+01  0.48125000E+00
  0.37290563E+00  0.13255966E+00 -0.27380812E+00  0.21760272E+01  0.34154643E+00  0.48125000E+00
 -0.73400083E-01 -0.25381534E-01  0.47494186E+00  0.16208988E+00  0.34745183E+01  0.48125000E+00
 -0.70259419E-01 -0.37491244E+00  0.29343797E+00  0.91506226E+00  0.45271355E+01  0.48125000E+00
