  0.10000000E-01  0.86000000E+02  0.87600000E+02
  0.30000000E-01  0.95000000E+02  0.87600000E+02
  0.50000000E-01  0.72000000E+02  0.87600000E+02
  0.70000000E-01  0.87000000E+02  0.87600000E+02
  0.90000000E-01  0.10700000E+03  0.87600000E+02
  0.11000000E+00  0.84000000E+02  0.87600000E+02
  0.13000000E+00  0.84000000E+02  0.87600000E+02
  0.15000000E+00  0.10400000E+03  0.87600000E+02
  0.17000000E+00  0.86000000E+02  0.87600000E+02
  0.19000000E+00  0.65000000E+02  0.87600000E+02
  0.21000000E+00  0.88000000E+02  0.87600000E+02
  0.23000000E+00  0.90000000E+02  0.87600000E+02
  0.25000000E+00  0.83000000E+02  0.87600000E+02
  0.27000000E+00  0.91000000E+02  0.87600000E+02
  0.29000000E+00  0.75000000E+02  0.87600000E+02
  0.31000000E+00  0.72000000E+02  0.87600000E+02
  0.33000000E+00  0.89000000E+02  0.87600000E+02
  0.35000000E+00  0.10600000E+03  0.87600000E+02
  0.37000000E+00  0.96000000E+02  0.87600000E+02
  0.39000000E+00  0.10200000E+03  0.87600000E+02
  0.41000000E+00  0.72000000E+02  0.87600000E+02
  0.43000000E+00  0.96000000E+02  0.87600000E+02
  0.45000000E+00  0.88000000E+02  0.87600000E+02
  0.47000000E+00  0.85000000E+02  0.87600000E+02
  0.49000000E+00  0.76000000E+02  0.87600000E+02
  0.51000000E+00  0.94000000E+02  0.87600000E+02
  0.53000000E+00  0.78000000E+02  0.87600000E+02
  0.55000000E+00  0.10700000E+03  0.87600000E+02
  0.57000000E+00  0.89000000E+02  0.87600000E+02
  0.59000000E+00  0.82000000E+02  0.87600000E+02
  0.61000000E+00  0.78000000E+02  0.87600000E+02
  0.63000000E+00  0.88000000E+02  0.87600000E+02
  0.65000000E+00  0.92000000E+02  0.87600000E+02
  0.67000000E+00  0.73000000E+02  0.87600000E+02
  0.69000000E+00  0.77000000E+02  0.87600000E+02
  0.71000000E+00  0.98000000E+02  0.87600000E+02
  0.73000000E+00  0.96000000E+02  0.87600000E+02
  0.75000000E+00  0.99000000E+02  0.87600000E+02
  0.77000000E+00  0.96000000E+02  0.87600000E+02
  0.79000000E+00  0.88000000E+02  0.87600000E+02
  0.81000000E+00  0.73000000E+02  0.87600000E+02
  0.83000000E+00  0.81000000E+02  0.87600000E+02
  0.85000000E+00  0.10000000E+03  0.87600000E+02
  0.87000000E+00  0.83000000E+02  0.87600000E+02
  0.89000000E+00  0.87000000E+02  0.87600000E+02
  0.91000000E+00  0.95000000E+02  0.87600000E+02
  0.93000000E+00  0.83000000E+02  0.87600000E+02
  0.95000000E+00  0.86000000E+02  0.87600000E+02
  0.97000000E+00  0.94000000E+02  0.87600000E+02
  0.99000000E+00  0.84000000E+02  0.87600000E+02
