   10 -0.19864524E-02  0.22092135E+02  0.97249289E-01  0.29727413E+02 -0.34503807E-02  0.15580216E+00 -0.27086903E+001970  0.33757613E-022155  0.44817465E-02
   20  0.51607650E-02  0.14107216E+02  0.67797365E-01  0.19831181E+02 -0.39755105E-02  0.15589547E+00 -0.27080814E+001970  0.40479890E-022155  0.54574733E-02
   30  0.13541683E-01  0.10469541E+02  0.49956492E-01  0.16104337E+02 -0.43445315E-02  0.15589577E+00 -0.27080230E+001970  0.46688016E-022155  0.60978229E-02
   40  0.20166157E-01  0.82382899E+01  0.35904683E-01  0.14038528E+02 -0.46186353E-02  0.15587952E+00 -0.27080711E+001970  0.52311334E-022155  0.65992208E-02
   50  0.24218164E-01  0.67303761E+01  0.24405731E-01  0.12667653E+02 -0.48324406E-02  0.15586563E+00 -0.27081138E+001970  0.57369623E-022155  0.70267395E-02
   60  0.26331707E-01  0.56540838E+01  0.15106494E-01  0.11663923E+02 -0.50056068E-02  0.15585839E+00 -0.27081240E+001970  0.61938464E-022155  0.74076343E-02
   70  0.27225044E-01  0.48629708E+01  0.75809274E-02  0.10883263E+02 -0.51498336E-02  0.15585810E+00 -0.27080986E+001970  0.66097287E-022155  0.77555661E-02
   80  0.27393844E-01  0.42683226E+01  0.14205125E-02  0.10252540E+02 -0.52724866E-02  0.15586407E+00 -0.27080407E+001970  0.69913964E-022155  0.80784150E-02
   90  0.27145474E-01  0.38101385E+01 -0.37042891E-02  0.97298772E+01 -0.53784507E-02  0.15587540E+00 -0.27079546E+001970  0.73443158E-022155  0.83812301E-02
  100  0.26662499E-01  0.34478419E+01 -0.80391480E-02  0.92883365E+01 -0.54711137E-02  0.15589129E+00 -0.27078446E+001970  0.76728262E-022155  0.86675032E-02
  110  0.26051872E-01  0.31543915E+01 -0.11761512E-01  0.89092909E+01 -0.55529158E-02  0.15591104E+00 -0.27077142E+001970  0.79803803E-022155  0.89397873E-02
  120  0.25376708E-01  0.29116695E+01 -0.14999512E-01  0.85793812E+01 -0.56256709E-02  0.15593408E+00 -0.27075665E+001970  0.82697487E-022155  0.92000273E-02
  130  0.24674841E-01  0.27072928E+01 -0.17847165E-01  0.82888033E+01 -0.56907645E-02  0.15595994E+00 -0.27074039E+001970  0.85431790E-022155  0.94497510E-02
  140  0.23969268E-01  0.25325828E+01 -0.20374935E-01  0.80302221E+01 -0.57492788E-02  0.15598825E+00 -0.27072285E+001970  0.88025153E-022155  0.96901882E-02
  150  0.23274036E-01  0.23813010E+01 -0.22636748E-01  0.77980502E+01 -0.58020760E-02  0.15601867E+00 -0.27070419E+001970  0.90492874E-022155  0.99223475E-02
  160  0.22597642E-01  0.22488562E+01 -0.24674638E-01  0.75879591E+01 -0.58498551E-02  0.15605095E+00 -0.27068456E+001970  0.92847780E-022155  0.10147069E-01
  170  0.21945059E-01  0.21317972E+01 -0.26521903E-01  0.73965439E+01 -0.58931907E-02  0.15608486E+00 -0.27066407E+001970  0.95100725E-022155  0.10365063E-01
  180  0.21318987E-01  0.20274793E+01 -0.28205287E-01  0.72210879E+01 -0.59325617E-02  0.15612022E+00 -0.27064281E+001970  0.97260982E-022155  0.10576933E-01
  190  0.20720637E-01  0.19338417E+01 -0.29746531E-01  0.70593954E+01 -0.59683716E-02  0.15615688E+00 -0.27062088E+001970  0.99336536E-022155  0.10783201E-01
  200  0.20150251E-01  0.18492535E+01 -0.31163507E-01  0.69096715E+01 -0.60009643E-02  0.15619469E+00 -0.27059833E+001970  0.10133431E-012155  0.10984319E-01
  210  0.19607441E-01  0.17724068E+01 -0.32471046E-01  0.67704330E+01 -0.60306350E-02  0.15623353E+00 -0.27057525E+001970  0.10326037E-012155  0.11180684E-01
  220  0.19091411E-01  0.17022396E+01 -0.33681569E-01  0.66404428E+01 -0.60576395E-02  0.15627332E+00 -0.27055167E+001970  0.10512003E-012155  0.11372644E-01
  230  0.18601123E-01  0.16378797E+01 -0.34805568E-01  0.65186596E+01 -0.60822014E-02  0.15631395E+00 -0.27052765E+001970  0.10691800E-012155  0.11560507E-01
  240  0.18135392E-01  0.15786041E+01 -0.35851969E-01  0.64042003E+01 -0.61045169E-02  0.15635535E+00 -0.27050322E+001970  0.10865846E-012155  0.11744550E-01
  250  0.17692966E-01  0.15238077E+01 -0.36828427E-01  0.62963103E+01 -0.61247594E-02  0.15639746E+00 -0.27047842E+001970  0.11034516E-012155  0.11925017E-01
  260  0.17272569E-01  0.14729798E+01 -0.37741550E-01  0.61943402E+01 -0.61430835E-02  0.15644020E+00 -0.27045328E+001970  0.11198146E-012155  0.12102130E-01
  270  0.16872940E-01  0.14256863E+01 -0.38597078E-01  0.60977281E+01 -0.61596269E-02  0.15648354E+00 -0.27042783E+001970  0.11357039E-012155  0.12276089E-01
  280  0.16492849E-01  0.13815554E+01 -0.39400029E-01  0.60059847E+01 -0.61745135E-02  0.15652742E+00 -0.27040209E+001970  0.11511470E-012155  0.12447074E-01
  290  0.16131114E-01  0.13402669E+01 -0.40154817E-01  0.59186819E+01 -0.61878551E-02  0.15657180E+00 -0.27037609E+001970  0.11661687E-012155  0.12615249E-01
  300  0.15786607E-01  0.13015433E+01 -0.40865340E-01  0.58354430E+01 -0.61997527E-02  0.15661664E+00 -0.27034985E+001970  0.11807918E-012155  0.12780764E-01
  310  0.15458262E-01  0.12651426E+01 -0.41535065E-01  0.57559353E+01 -0.62102982E-02  0.15666191E+00 -0.27032338E+001970  0.11950373E-012155  0.12943757E-01
  320  0.15145072E-01  0.12308531E+01 -0.42167084E-01  0.56798635E+01 -0.62195755E-02  0.15670757E+00 -0.27029670E+001970  0.12089240E-012155  0.13104352E-01
  330  0.14846091E-01  0.11984884E+01 -0.42764171E-01  0.56069646E+01 -0.62276613E-02  0.15675360E+00 -0.27026982E+001970  0.12224697E-012155  0.13262666E-01
  340  0.14560433E-01  0.11678839E+01 -0.43328823E-01  0.55370034E+01 -0.62346258E-02  0.15679997E+00 -0.27024276E+001970  0.12356906E-012155  0.13418806E-01
  350  0.14287269E-01  0.11388936E+01 -0.43863297E-01  0.54697688E+01 -0.62405339E-02  0.15684666E+00 -0.27021553E+001970  0.12486017E-012155  0.13572869E-01
  360  0.14025825E-01  0.11113876E+01 -0.44369638E-01  0.54050708E+01 -0.62454453E-02  0.15689364E+00 -0.27018814E+001970  0.12612170E-012155  0.13724948E-01
  370  0.13775377E-01  0.10852496E+01 -0.44849709E-01  0.53427378E+01 -0.62494151E-02  0.15694090E+00 -0.27016060E+001970  0.12735493E-012155  0.13875126E-01
  380  0.13535251E-01  0.10603757E+01 -0.45305206E-01  0.52826144E+01 -0.62524946E-02  0.15698841E+00 -0.27013292E+001970  0.12856108E-012095  0.14009660E-01
  390  0.13304817E-01  0.10366724E+01 -0.45737684E-01  0.52245593E+01 -0.62547314E-02  0.15703617E+00 -0.27010511E+001970  0.12974127E-012095  0.13990917E-01
  400  0.13083488E-01  0.10140554E+01 -0.46148566E-01  0.51684442E+01 -0.62561696E-02  0.15708415E+00 -0.27007718E+001970  0.13089655E-012095  0.13973596E-01
  410  0.12870719E-01  0.99244862E+00 -0.46539160E-01  0.51141515E+01 -0.62568505E-02  0.15713234E+00 -0.27004912E+001970  0.13202793E-012095  0.13957628E-01
  420  0.12665997E-01  0.97178312E+00 -0.46910673E-01  0.50615740E+01 -0.62568128E-02  0.15718073E+00 -0.27002096E+001970  0.13313631E-012095  0.13942945E-01
  430  0.12468847E-01  0.95199627E+00 -0.47264215E-01  0.50106130E+01 -0.62560923E-02  0.15722931E+00 -0.26999270E+001970  0.13422257E-012095  0.13929486E-01
  440  0.12278826E-01  0.93303111E+00 -0.47600813E-01  0.49611782E+01 -0.62547230E-02  0.15727806E+00 -0.26996433E+001970  0.13528753E-012095  0.13917192E-01
  450  0.12095519E-01  0.91483569E+00 -0.47921418E-01  0.49131862E+01 -0.62527366E-02  0.15732697E+00 -0.26993588E+001970  0.13633198E-012095  0.13906010E-01
  460  0.11918540E-01  0.89736254E+00 -0.48226910E-01  0.48665600E+01 -0.62501628E-02  0.15737604E+00 -0.26990733E+001970  0.13735662E-012095  0.13895888E-01
  470  0.11747530E-01  0.88056817E+00 -0.48518108E-01  0.48212287E+01 -0.62470297E-02  0.15742525E+00 -0.26987870E+001970  0.13836217E-012095  0.13886778E-01
  480  0.11582153E-01  0.86441268E+00 -0.48795772E-01  0.47771263E+01 -0.62433637E-02  0.15747460E+00 -0.26985000E+002095  0.13878634E-011970  0.13934926E-01
  490  0.11422095E-01  0.84885938E+00 -0.49060608E-01  0.47341919E+01 -0.62391898E-02  0.15752408E+00 -0.26982121E+002095  0.13871415E-011970  0.14031853E-01
  500  0.11267065E-01  0.83387448E+00 -0.49313277E-01  0.46923688E+01 -0.62345315E-02  0.15757367E+00 -0.26979236E+002095  0.13865079E-011970  0.14127056E-01
  510  0.11116790E-01  0.81942677E+00 -0.49554394E-01  0.46516042E+01 -0.62294111E-02  0.15762338E+00 -0.26976344E+002095  0.13859589E-011970  0.14220590E-01
  520  0.10971017E-01  0.80548739E+00 -0.49784532E-01  0.46118491E+01 -0.62238497E-02  0.15767320E+00 -0.26973446E+002095  0.13854909E-011970  0.14312510E-01
  530  0.10829509E-01  0.79202960E+00 -0.50004230E-01  0.45730575E+01 -0.62178672E-02  0.15772311E+00 -0.26970541E+002095  0.13851004E-011970  0.14402865E-01
  540  0.10692046E-01  0.77902858E+00 -0.50213991E-01  0.45351867E+01 -0.62114826E-02  0.15777312E+00 -0.26967630E+002095  0.13847844E-011970  0.14491704E-01
  550  0.10558422E-01  0.76646123E+00 -0.50414288E-01  0.44981966E+01 -0.62047137E-02  0.15782322E+00 -0.26964714E+002095  0.13845397E-011970  0.14579074E-01
  560  0.10428446E-01  0.75430604E+00 -0.50605564E-01  0.44620497E+01 -0.61975778E-02  0.15787340E+00 -0.26961793E+002095  0.13843634E-011970  0.14665017E-01
  570  0.10301940E-01  0.74254293E+00 -0.50788236E-01  0.44267108E+01 -0.61900911E-02  0.15792366E+00 -0.26958867E+002095  0.13842527E-011970  0.14749575E-01
  580  0.10178736E-01  0.73115315E+00 -0.50962696E-01  0.43921468E+01 -0.61822689E-02  0.15797399E+00 -0.26955936E+002095  0.13842052E-011970  0.14832790E-01
  590  0.10058680E-01  0.72011910E+00 -0.51129314E-01  0.43583268E+01 -0.61741259E-02  0.15802439E+00 -0.26953000E+002095  0.13842182E-011970  0.14914700E-01
  600  0.99416271E-02  0.70942433E+00 -0.51288439E-01  0.43252214E+01 -0.61656763E-02  0.15807486E+00 -0.26950060E+002095  0.13842895E-011970  0.14995340E-01
  610  0.98274416E-02  0.69905336E+00 -0.51440401E-01  0.42928031E+01 -0.61569332E-02  0.15812539E+00 -0.26947116E+002095  0.13844168E-011970  0.15074747E-01
  620  0.97159973E-02  0.68899164E+00 -0.51585511E-01  0.42610459E+01 -0.61479096E-02  0.15817597E+00 -0.26944167E+002095  0.13845979E-011970  0.15152955E-01
  630  0.96071763E-02  0.67922548E+00 -0.51724064E-01  0.42299253E+01 -0.61386174E-02  0.15822661E+00 -0.26941215E+002095  0.13848308E-011970  0.15229995E-01
  640  0.95008681E-02  0.66974199E+00 -0.51856340E-01  0.41994181E+01 -0.61290684E-02  0.15827729E+00 -0.26938260E+002095  0.13851136E-011970  0.15305899E-01
  650  0.93969692E-02  0.66052898E+00 -0.51982603E-01  0.41695023E+01 -0.61192737E-02  0.15832803E+00 -0.26935300E+002095  0.13854444E-011970  0.15380697E-01
  660  0.92953827E-02  0.65157497E+00 -0.52103106E-01  0.41401570E+01 -0.61092438E-02  0.15837880E+00 -0.26932338E+002095  0.13858215E-011970  0.15454418E-01
  670  0.91960177E-02  0.64286908E+00 -0.52218086E-01  0.41113626E+01 -0.60989889E-02  0.15842962E+00 -0.26929372E+002095  0.13862431E-011970  0.15527090E-01
  680  0.90987887E-02  0.63440104E+00 -0.52327772E-01  0.40831004E+01 -0.60885187E-02  0.15848047E+00 -0.26926403E+002095  0.13867075E-011970  0.15598739E-01
  690  0.90036154E-02  0.62616112E+00 -0.52432380E-01  0.40553524E+01 -0.60778427E-02  0.15853136E+00 -0.26923432E+002095  0.13872134E-011970  0.15669391E-01
  700  0.89104221E-02  0.61814010E+00 -0.52532115E-01  0.40281018E+01 -0.60669695E-02  0.15858228E+00 -0.26920457E+002095  0.13877591E-011970  0.15739070E-01
  710  0.88191376E-02  0.61032924E+00 -0.52627173E-01  0.40013325E+01 -0.60559079E-02  0.15863323E+00 -0.26917480E+002095  0.13883434E-011970  0.15807802E-01
  720  0.87296945E-02  0.60272025E+00 -0.52717741E-01  0.39750291E+01 -0.60446660E-02  0.15868421E+00 -0.26914501E+002095  0.13889647E-011970  0.15875608E-01
  730  0.86420292E-02  0.59530526E+00 -0.52803996E-01  0.39491770E+01 -0.60332517E-02  0.15873521E+00 -0.26911519E+002095  0.13896218E-011970  0.15942511E-01
  740  0.85560816E-02  0.58807681E+00 -0.52886110E-01  0.39237621E+01 -0.60216726E-02  0.15878623E+00 -0.26908534E+002095  0.13903135E-011970  0.16008533E-01
  750  0.84717946E-02  0.58102777E+00 -0.52964244E-01  0.38987712E+01 -0.60099358E-02  0.15883728E+00 -0.26905548E+002095  0.13910385E-011970  0.16073694E-01
  760  0.83891141E-02  0.57415142E+00 -0.53038553E-01  0.38741914E+01 -0.59980483E-02  0.15888834E+00 -0.26902559E+002095  0.13917957E-011970  0.16138014E-01
  770  0.83079888E-02  0.56744132E+00 -0.53109184E-01  0.38500107E+01 -0.59860169E-02  0.15893942E+00 -0.26899568E+002095  0.13925841E-011970  0.16201514E-01
  780  0.82283698E-02  0.56089136E+00 -0.53176280E-01  0.38262172E+01 -0.59738480E-02  0.15899052E+00 -0.26896576E+002095  0.13934025E-011970  0.16264210E-01
  790  0.81502107E-02  0.55449573E+00 -0.53239975E-01  0.38027999E+01 -0.59615477E-02  0.15904163E+00 -0.26893581E+002095  0.13942499E-011970  0.16326123E-01
  800  0.80734672E-02  0.54824888E+00 -0.53300397E-01  0.37797481E+01 -0.59491220E-02  0.15909275E+00 -0.26890585E+002095  0.13951253E-011970  0.16387268E-01
  810  0.79980971E-02  0.54214553E+00 -0.53357672E-01  0.37570514E+01 -0.59365765E-02  0.15914388E+00 -0.26887587E+002095  0.13960279E-011970  0.16447664E-01
  820  0.79240600E-02  0.53618065E+00 -0.53411916E-01  0.37347000E+01 -0.59239169E-02  0.15919502E+00 -0.26884587E+002095  0.13969566E-011970  0.16507327E-01
  830  0.78513175E-02  0.53034945E+00 -0.53463243E-01  0.37126844E+01 -0.59111484E-02  0.15924616E+00 -0.26881586E+002095  0.13979107E-011970  0.16566272E-01
  840  0.77798328E-02  0.52464732E+00 -0.53511761E-01  0.36909956E+01 -0.58982761E-02  0.15929731E+00 -0.26878584E+002095  0.13988893E-011970  0.16624516E-01
  850  0.77095705E-02  0.51906991E+00 -0.53557574E-01  0.36696248E+01 -0.58853049E-02  0.15934847E+00 -0.26875580E+002095  0.13998915E-011970  0.16682073E-01
  860  0.76404969E-02  0.51361303E+00 -0.53600780E-01  0.36485637E+01 -0.58722396E-02  0.15939963E+00 -0.26872574E+002095  0.14009167E-011970  0.16738958E-01
  870  0.75725796E-02  0.50827270E+00 -0.53641476E-01  0.36278042E+01 -0.58590846E-02  0.15945079E+00 -0.26869568E+002095  0.14019640E-011970  0.16795185E-01
  880  0.75057876E-02  0.50304510E+00 -0.53679751E-01  0.36073384E+01 -0.58458445E-02  0.15950195E+00 -0.26866560E+002095  0.14030328E-011970  0.16850768E-01
  890  0.74400911E-02  0.49792657E+00 -0.53715693E-01  0.35871590E+01 -0.58325234E-02  0.15955311E+00 -0.26863551E+002095  0.14041223E-011970  0.16905719E-01
  900  0.73754614E-02  0.49291364E+00 -0.53749385E-01  0.35672587E+01 -0.58191254E-02  0.15960426E+00 -0.26860541E+002095  0.14052319E-011970  0.16960053E-01
  910  0.73118711E-02  0.48800297E+00 -0.53780909E-01  0.35476306E+01 -0.58056545E-02  0.15965542E+00 -0.26857530E+002095  0.14063609E-011970  0.17013781E-01
  920  0.72492935E-02  0.48319135E+00 -0.53810340E-01  0.35282680E+01 -0.57921145E-02  0.15970656E+00 -0.26854518E+002095  0.14075088E-011970  0.17066916E-01
  930  0.71877034E-02  0.47847572E+00 -0.53837752E-01  0.35091644E+01 -0.57785090E-02  0.15975771E+00 -0.26851505E+002095  0.14086748E-011970  0.17119470E-01
  940  0.71270761E-02  0.47385314E+00 -0.53863217E-01  0.34903136E+01 -0.57648416E-02  0.15980885E+00 -0.26848491E+002095  0.14098585E-011970  0.17171454E-01
  950  0.70673880E-02  0.46932081E+00 -0.53886802E-01  0.34717097E+01 -0.57511157E-02  0.15985998E+00 -0.26845477E+002095  0.14110592E-011970  0.17222879E-01
  960  0.70086164E-02  0.46487602E+00 -0.53908572E-01  0.34533467E+01 -0.57373346E-02  0.15991110E+00 -0.26842461E+002095  0.14122764E-011970  0.17273757E-01
  970  0.69507392E-02  0.46051619E+00 -0.53928590E-01  0.34352192E+01 -0.57235014E-02  0.15996221E+00 -0.26839445E+002095  0.14135097E-011970  0.17324097E-01
  980  0.68937354E-02  0.45623882E+00 -0.53946915E-01  0.34173216E+01 -0.57096193E-02  0.16001332E+00 -0.26836428E+002095  0.14147585E-011970  0.17373911E-01
  990  0.68375844E-02  0.45204154E+00 -0.53963607E-01  0.33996488E+01 -0.56956912E-02  0.16006441E+00 -0.26833411E+002095  0.14160222E-011970  0.17423208E-01
 1000  0.67822666E-02  0.44792204E+00 -0.53978719E-01  0.33821957E+01 -0.56817201E-02  0.16011549E+00 -0.26830393E+002095  0.14173005E-011970  0.17471999E-01
 1010  0.67277628E-02  0.44387812E+00 -0.53992306E-01  0.33649574E+01 -0.56677086E-02  0.16016656E+00 -0.26827374E+002095  0.14185929E-011970  0.17520292E-01
 1020  0.66740546E-02  0.43990767E+00 -0.54004419E-01  0.33479291E+01 -0.56536594E-02  0.16021761E+00 -0.26824355E+002095  0.14198990E-011970  0.17568097E-01
 1030  0.66211242E-02  0.43600865E+00 -0.54015106E-01  0.33311063E+01 -0.56395752E-02  0.16026866E+00 -0.26821335E+002095  0.14212182E-011970  0.17615423E-01
 1040  0.65689544E-02  0.43217909E+00 -0.54024416E-01  0.33144846E+01 -0.56254584E-02  0.16031969E+00 -0.26818315E+002095  0.14225503E-011970  0.17662279E-01
 1050  0.65175284E-02  0.42841711E+00 -0.54032394E-01  0.32980596E+01 -0.56113115E-02  0.16037070E+00 -0.26815295E+002095  0.14238948E-011970  0.17708673E-01
 1060  0.64668301E-02  0.42472089E+00 -0.54039084E-01  0.32818272E+01 -0.55971368E-02  0.16042169E+00 -0.26812274E+002095  0.14252513E-011970  0.17754614E-01
 1070  0.64168439E-02  0.42108868E+00 -0.54044527E-01  0.32657834E+01 -0.55829366E-02  0.16047268E+00 -0.26809252E+002095  0.14266194E-011970  0.17800111E-01
 1080  0.63675547E-02  0.41751878E+00 -0.54048765E-01  0.32499241E+01 -0.55687130E-02  0.16052364E+00 -0.26806231E+002095  0.14279989E-011970  0.17845170E-01
 1090  0.63189477E-02  0.41400959E+00 -0.54051837E-01  0.32342457E+01 -0.55544682E-02  0.16057459E+00 -0.26803209E+002095  0.14293892E-011970  0.17889800E-01
 1100  0.62710087E-02  0.41055952E+00 -0.54053781E-01  0.32187445E+01 -0.55402042E-02  0.16062551E+00 -0.26800187E+002095  0.14307902E-011970  0.17934008E-01
 1110  0.62237239E-02  0.40716706E+00 -0.54054632E-01  0.32034169E+01 -0.55259231E-02  0.16067642E+00 -0.26797164E+002095  0.14322015E-011970  0.17977802E-01
 1120  0.61770799E-02  0.40383075E+00 -0.54054426E-01  0.31882594E+01 -0.55116266E-02  0.16072731E+00 -0.26794142E+002095  0.14336227E-011970  0.18021189E-01
 1130  0.61310638E-02  0.40054918E+00 -0.54053197E-01  0.31732686E+01 -0.54973168E-02  0.16077818E+00 -0.26791119E+002095  0.14350535E-011970  0.18064176E-01
 1140  0.60856629E-02  0.39732099E+00 -0.54050976E-01  0.31584413E+01 -0.54829953E-02  0.16082903E+00 -0.26788096E+002095  0.14364937E-011970  0.18106770E-01
 1150  0.60408649E-02  0.39414487E+00 -0.54047796E-01  0.31437744E+01 -0.54686639E-02  0.16087986E+00 -0.26785073E+002095  0.14379430E-011970  0.18148978E-01
 1160  0.59966580E-02  0.39101953E+00 -0.54043687E-01  0.31292647E+01 -0.54543243E-02  0.16093067E+00 -0.26782050E+002095  0.14394010E-011970  0.18190806E-01
 1170  0.59530305E-02  0.38794376E+00 -0.54038677E-01  0.31149092E+01 -0.54399782E-02  0.16098145E+00 -0.26779027E+002095  0.14408676E-011970  0.18232260E-01
 1180  0.59099713E-02  0.38491636E+00 -0.54032795E-01  0.31007051E+01 -0.54256270E-02  0.16103222E+00 -0.26776004E+002095  0.14423423E-011970  0.18273347E-01
 1190  0.58674693E-02  0.38193619E+00 -0.54026068E-01  0.30866494E+01 -0.54112724E-02  0.16108296E+00 -0.26772980E+002095  0.14438251E-011970  0.18314073E-01
 1200  0.58255141E-02  0.37900213E+00 -0.54018522E-01  0.30727395E+01 -0.53969157E-02  0.16113368E+00 -0.26769957E+002095  0.14453156E-011970  0.18354444E-01
 1210  0.57840951E-02  0.37611310E+00 -0.54010183E-01  0.30589727E+01 -0.53825585E-02  0.16118437E+00 -0.26766934E+002095  0.14468137E-011970  0.18394466E-01
 1220  0.57432024E-02  0.37326806E+00 -0.54001075E-01  0.30453463E+01 -0.53682021E-02  0.16123504E+00 -0.26763911E+002095  0.14483189E-011970  0.18434145E-01
 1230  0.57028260E-02  0.37046600E+00 -0.53991222E-01  0.30318578E+01 -0.53538478E-02  0.16128569E+00 -0.26760888E+002095  0.14498313E-011970  0.18473485E-01
 1240  0.56629566E-02  0.36770594E+00 -0.53980646E-01  0.30185048E+01 -0.53394970E-02  0.16133631E+00 -0.26757865E+002095  0.14513504E-011970  0.18512493E-01
 1250  0.56235848E-02  0.36498694E+00 -0.53969370E-01  0.30052849E+01 -0.53251509E-02  0.16138691E+00 -0.26754842E+002095  0.14528762E-011970  0.18551174E-01
 1260  0.55847014E-02  0.36230806E+00 -0.53957414E-01  0.29921956E+01 -0.53108107E-02  0.16143748E+00 -0.26751819E+002095  0.14544083E-011970  0.18589533E-01
 1270  0.55462977E-02  0.35966844E+00 -0.53944800E-01  0.29792348E+01 -0.52964776E-02  0.16148803E+00 -0.26748797E+002095  0.14559467E-011970  0.18627575E-01
 1280  0.55083651E-02  0.35706719E+00 -0.53931548E-01  0.29664001E+01 -0.52821528E-02  0.16153855E+00 -0.26745775E+002095  0.14574910E-011970  0.18665305E-01
 1290  0.54708951E-02  0.35450347E+00 -0.53917676E-01  0.29536895E+01 -0.52678373E-02  0.16158904E+00 -0.26742752E+002095  0.14590412E-011970  0.18702729E-01
 1300  0.54338797E-02  0.35197648E+00 -0.53903203E-01  0.29411008E+01 -0.52535322E-02  0.16163951E+00 -0.26739730E+002095  0.14605970E-011970  0.18739850E-01
 1310  0.53973106E-02  0.34948543E+00 -0.53888148E-01  0.29286320E+01 -0.52392386E-02  0.16168995E+00 -0.26736709E+002095  0.14621582E-011970  0.18776674E-01
 1320  0.53611803E-02  0.34702954E+00 -0.53872528E-01  0.29162810E+01 -0.52249575E-02  0.16174037E+00 -0.26733687E+002095  0.14637248E-011970  0.18813205E-01
 1330  0.53254810E-02  0.34460807E+00 -0.53856359E-01  0.29040459E+01 -0.52106897E-02  0.16179075E+00 -0.26730666E+002095  0.14652964E-011970  0.18849448E-01
 1340  0.52902054E-02  0.34222030E+00 -0.53839659E-01  0.28919248E+01 -0.51964364E-02  0.16184111E+00 -0.26727645E+002095  0.14668730E-011970  0.18885406E-01
 1350  0.52553461E-02  0.33986552E+00 -0.53822442E-01  0.28799158E+01 -0.51821983E-02  0.16189144E+00 -0.26724625E+002095  0.14684544E-011970  0.18921085E-01
 1360  0.52208962E-02  0.33754306E+00 -0.53804725E-01  0.28680171E+01 -0.51679764E-02  0.16194174E+00 -0.26721604E+002095  0.14700404E-011970  0.18956489E-01
 1370  0.51868486E-02  0.33525223E+00 -0.53786522E-01  0.28562269E+01 -0.51537716E-02  0.16199202E+00 -0.26718584E+002095  0.14716309E-011970  0.18991621E-01
 1380  0.51531966E-02  0.33299241E+00 -0.53767847E-01  0.28445435E+01 -0.51395846E-02  0.16204226E+00 -0.26715565E+002095  0.14732257E-011970  0.19026486E-01
 1390  0.51199335E-02  0.33076295E+00 -0.53748715E-01  0.28329651E+01 -0.51254163E-02  0.16209248E+00 -0.26712545E+002095  0.14748247E-011970  0.19061088E-01
 1400  0.50870530E-02  0.32856325E+00 -0.53729139E-01  0.28214902E+01 -0.51112674E-02  0.16214267E+00 -0.26709527E+002095  0.14764278E-011970  0.19095430E-01
 1410  0.50545487E-02  0.32639271E+00 -0.53709132E-01  0.28101172E+01 -0.50971387E-02  0.16219282E+00 -0.26706508E+002095  0.14780348E-011970  0.19129516E-01
 1420  0.50224145E-02  0.32425076E+00 -0.53688707E-01  0.27988443E+01 -0.50830309E-02  0.16224295E+00 -0.26703490E+002095  0.14796455E-011970  0.19163351E-01
 1430  0.49906442E-02  0.32213683E+00 -0.53667876E-01  0.27876702E+01 -0.50689448E-02  0.16229305E+00 -0.26700472E+002095  0.14812600E-011970  0.19196937E-01
 1440  0.49592319E-02  0.32005036E+00 -0.53646652E-01  0.27765932E+01 -0.50548809E-02  0.16234311E+00 -0.26697455E+002095  0.14828780E-011970  0.19230278E-01
 1450  0.49281720E-02  0.31799084E+00 -0.53625045E-01  0.27656120E+01 -0.50408401E-02  0.16239315E+00 -0.26694438E+002095  0.14844994E-011970  0.19263378E-01
 1460  0.48974587E-02  0.31595772E+00 -0.53603067E-01  0.27547250E+01 -0.50268228E-02  0.16244316E+00 -0.26691422E+002095  0.14861240E-011970  0.19296241E-01
 1470  0.48670864E-02  0.31395052E+00 -0.53580728E-01  0.27439309E+01 -0.50128298E-02  0.16249313E+00 -0.26688406E+002095  0.14877519E-011970  0.19328869E-01
 1480  0.48370498E-02  0.31196873E+00 -0.53558041E-01  0.27332282E+01 -0.49988617E-02  0.16254308E+00 -0.26685391E+002095  0.14893829E-011970  0.19361266E-01
 1490  0.48073436E-02  0.31001187E+00 -0.53535013E-01  0.27226157E+01 -0.49849190E-02  0.16259299E+00 -0.26682376E+002095  0.14910168E-011970  0.19393435E-01
 1500  0.47779625E-02  0.30807947E+00 -0.53511657E-01  0.27120920E+01 -0.49710022E-02  0.16264288E+00 -0.26679362E+002095  0.14926536E-011970  0.19425379E-01
 1510  0.47489015E-02  0.30617108E+00 -0.53487981E-01  0.27016558E+01 -0.49571120E-02  0.16269273E+00 -0.26676348E+002095  0.14942932E-011970  0.19457102E-01
 1520  0.47201556E-02  0.30428624E+00 -0.53463995E-01  0.26913058E+01 -0.49432489E-02  0.16274255E+00 -0.26673335E+002095  0.14959354E-011970  0.19488607E-01
 1530  0.46917199E-02  0.30242453E+00 -0.53439708E-01  0.26810409E+01 -0.49294133E-02  0.16279233E+00 -0.26670322E+002095  0.14975801E-011970  0.19519896E-01
 1540  0.46635896E-02  0.30058552E+00 -0.53415128E-01  0.26708597E+01 -0.49156058E-02  0.16284209E+00 -0.26667310E+002095  0.14992274E-011970  0.19550972E-01
 1550  0.46357600E-02  0.29876878E+00 -0.53390265E-01  0.26607612E+01 -0.49018268E-02  0.16289181E+00 -0.26664298E+002095  0.15008770E-011970  0.19581839E-01
 1560  0.46082265E-02  0.29697393E+00 -0.53365127E-01  0.26507441E+01 -0.48880769E-02  0.16294150E+00 -0.26661287E+002095  0.15025289E-011970  0.19612498E-01
 1570  0.45809847E-02  0.29520056E+00 -0.53339721E-01  0.26408074E+01 -0.48743564E-02  0.16299116E+00 -0.26658277E+002095  0.15041831E-011970  0.19642954E-01
 1580  0.45540301E-02  0.29344829E+00 -0.53314057E-01  0.26309498E+01 -0.48606658E-02  0.16304079E+00 -0.26655267E+002095  0.15058393E-011970  0.19673209E-01
 1590  0.45273584E-02  0.29171675E+00 -0.53288141E-01  0.26211703E+01 -0.48470055E-02  0.16309038E+00 -0.26652258E+002095  0.15074976E-011970  0.19703264E-01
 1600  0.45009654E-02  0.29000556E+00 -0.53261981E-01  0.26114679E+01 -0.48333759E-02  0.16313995E+00 -0.26649249E+002095  0.15091578E-011970  0.19733124E-01
 1610  0.44748469E-02  0.28831436E+00 -0.53235584E-01  0.26018415E+01 -0.48197774E-02  0.16318947E+00 -0.26646241E+002095  0.15108199E-011970  0.19762791E-01
 1620  0.44489988E-02  0.28664282E+00 -0.53208957E-01  0.25922900E+01 -0.48062104E-02  0.16323897E+00 -0.26643234E+002095  0.15124838E-011970  0.19792266E-01
 1630  0.44234171E-02  0.28499058E+00 -0.53182107E-01  0.25828125E+01 -0.47926753E-02  0.16328843E+00 -0.26640227E+002095  0.15141494E-011970  0.19821553E-01
 1640  0.43980979E-02  0.28335731E+00 -0.53155041E-01  0.25734079E+01 -0.47791723E-02  0.16333786E+00 -0.26637221E+002095  0.15158167E-011970  0.19850654E-01
 1650  0.43730374E-02  0.28174268E+00 -0.53127766E-01  0.25640754E+01 -0.47657019E-02  0.16338725E+00 -0.26634215E+002095  0.15174856E-011970  0.19879572E-01
 1660  0.43482317E-02  0.28014638E+00 -0.53100286E-01  0.25548139E+01 -0.47522644E-02  0.16343661E+00 -0.26631211E+002095  0.15191560E-011970  0.19908309E-01
 1670  0.43236773E-02  0.27856809E+00 -0.53072610E-01  0.25456225E+01 -0.47388601E-02  0.16348594E+00 -0.26628207E+002095  0.15208278E-011970  0.19936866E-01
 1680  0.42993704E-02  0.27700751E+00 -0.53044742E-01  0.25365003E+01 -0.47254892E-02  0.16353524E+00 -0.26625204E+002095  0.15225010E-011970  0.19965247E-01
 1690  0.42753074E-02  0.27546435E+00 -0.53016689E-01  0.25274464E+01 -0.47121522E-02  0.16358450E+00 -0.26622201E+002095  0.15241755E-011970  0.19993454E-01
 1700  0.42514850E-02  0.27393830E+00 -0.52988456E-01  0.25184599E+01 -0.46988492E-02  0.16363372E+00 -0.26619199E+002095  0.15258513E-011970  0.20021488E-01
 1710  0.42278996E-02  0.27242908E+00 -0.52960049E-01  0.25095400E+01 -0.46855807E-02  0.16368291E+00 -0.26616198E+002095  0.15275283E-011970  0.20049353E-01
 1720  0.42045479E-02  0.27093642E+00 -0.52931472E-01  0.25006858E+01 -0.46723467E-02  0.16373207E+00 -0.26613197E+002095  0.15292064E-011970  0.20077050E-01
 1730  0.41814266E-02  0.26946005E+00 -0.52902732E-01  0.24918965E+01 -0.46591476E-02  0.16378120E+00 -0.26610198E+002095  0.15308856E-011970  0.20104581E-01
 1740  0.41585324E-02  0.26799968E+00 -0.52873833E-01  0.24831712E+01 -0.46459837E-02  0.16383029E+00 -0.26607199E+002095  0.15325659E-011970  0.20131948E-01
 1750  0.41358621E-02  0.26655508E+00 -0.52844780E-01  0.24745092E+01 -0.46328551E-02  0.16387934E+00 -0.26604201E+002095  0.15342471E-011970  0.20159153E-01
 1760  0.41134127E-02  0.26512597E+00 -0.52815578E-01  0.24659097E+01 -0.46197621E-02  0.16392836E+00 -0.26601203E+002095  0.15359292E-011970  0.20186199E-01
 1770  0.40911810E-02  0.26371211E+00 -0.52786232E-01  0.24573719E+01 -0.46067050E-02  0.16397735E+00 -0.26598206E+002095  0.15376122E-011970  0.20213087E-01
 1780  0.40691640E-02  0.26231326E+00 -0.52756746E-01  0.24488950E+01 -0.45936839E-02  0.16402630E+00 -0.26595211E+002095  0.15392960E-011970  0.20239819E-01
 1790  0.40473587E-02  0.26092918E+00 -0.52727124E-01  0.24404784E+01 -0.45806990E-02  0.16407521E+00 -0.26592215E+002095  0.15409805E-011970  0.20266398E-01
 1800  0.40257623E-02  0.25955962E+00 -0.52697372E-01  0.24321212E+01 -0.45677506E-02  0.16412409E+00 -0.26589221E+002095  0.15426658E-011970  0.20292824E-01
 1810  0.40043719E-02  0.25820437E+00 -0.52667493E-01  0.24238227E+01 -0.45548388E-02  0.16417294E+00 -0.26586228E+002095  0.15443518E-011970  0.20319099E-01
 1820  0.39831846E-02  0.25686320E+00 -0.52637491E-01  0.24155824E+01 -0.45419638E-02  0.16422175E+00 -0.26583235E+002095  0.15460383E-011970  0.20345227E-01
 1830  0.39621977E-02  0.25553588E+00 -0.52607371E-01  0.24073993E+01 -0.45291258E-02  0.16427053E+00 -0.26580243E+002095  0.15477255E-011970  0.20371207E-01
 1840  0.39414086E-02  0.25422220E+00 -0.52577135E-01  0.23992730E+01 -0.45163249E-02  0.16431927E+00 -0.26577252E+002095  0.15494132E-011970  0.20397043E-01
 1810  0.26121799E-02  0.17203033E+00 -0.49595242E-01  0.18259049E+01 -0.34693749E-02  0.16882844E+00 -0.26294709E+002095  0.17100230E-011970  0.22389043E-01
 1820  0.18742586E-02  0.12704376E+00 -0.46540371E-01  0.14404785E+01 -0.27395531E-02  0.17316383E+00 -0.26012119E+002095  0.18682721E-011970  0.23873858E-01
 1830  0.14362261E-02  0.10010625E+00 -0.43830140E-01  0.11761049E+01 -0.23092535E-02  0.17714545E+00 -0.25743039E+002095  0.20160913E-011970  0.25063438E-01
 1840  0.11454058E-02  0.82035410E-01 -0.41426749E-01  0.98198412E+00 -0.21132005E-02  0.18080002E+00 -0.25487867E+002095  0.21547197E-011970  0.26081556E-01
 1850  0.93676515E-03  0.69005963E-01 -0.39274946E-01  0.83300266E+00 -0.21001140E-02  0.18415739E+00 -0.25246365E+002095  0.22854683E-011970  0.26988180E-01
 1860  0.77834460E-03  0.59135516E-01 -0.37328922E-01  0.71504322E+00 -0.22304342E-02  0.18724712E+00 -0.25017951E+002095  0.24094230E-011970  0.27816469E-01
 1870  0.65279542E-03  0.51386912E-01 -0.35553407E-01  0.61945464E+00 -0.24734788E-02  0.19009683E+00 -0.24801881E+002095  0.25274513E-011970  0.28586480E-01
 1880  0.55000028E-03  0.45139471E-01 -0.33921383E-01  0.54059384E+00 -0.28052388E-02  0.19273142E+00 -0.24597354E+002095  0.26402456E-011970  0.29311165E-01
 1890  0.46372719E-03  0.39997307E-01 -0.32411925E-01  0.47460086E+00 -0.32067588E-02  0.19517299E+00 -0.24403580E+002095  0.27483635E-011970  0.29999312E-01
 1900  0.38995332E-03  0.35694821E-01 -0.31008585E-01  0.41873449E+00 -0.36629483E-02  0.19744092E+00 -0.24219809E+002095  0.28522575E-011970  0.30657122E-01
 1910  0.32596441E-03  0.32046485E-01 -0.29698233E-01  0.37098784E+00 -0.41616997E-02  0.19955215E+00 -0.24045347E+002095  0.29522986E-011970  0.31289108E-01
 1920  0.26984986E-03  0.28918421E-01 -0.28470225E-01  0.32985404E+00 -0.46932304E-02  0.20152145E+00 -0.23879558E+002095  0.30487931E-011970  0.31898637E-01
 1930  0.22021179E-03  0.26211423E-01 -0.27315805E-01  0.29417726E+00 -0.52495865E-02  0.20336174E+00 -0.23721867E+002095  0.31419963E-011970  0.32488272E-01
 1940  0.17599298E-03  0.23850315E-01 -0.26227668E-01  0.26305470E+00 -0.58242661E-02  0.20508435E+00 -0.23571750E+002095  0.32321226E-011970  0.33060000E-01
 1950  0.13637183E-03  0.21777026E-01 -0.25199645E-01  0.23576996E+00 -0.64119312E-02  0.20669926E+00 -0.23428733E+002095  0.33193536E-011970  0.33615385E-01
 1960  0.10069571E-03  0.19945929E-01 -0.24226460E-01  0.21174670E+00 -0.70081848E-02  0.20821531E+00 -0.23292385E+002095  0.34038446E-011970  0.34155673E-01
 1970  0.68436842E-04  0.18320634E-01 -0.23303558E-01  0.19051561E+00 -0.76093971E-02  0.20964035E+00 -0.23162312E+001970  0.34681872E-012095  0.34857295E-01
 1980  0.39162090E-04  0.16871718E-01 -0.22426965E-01  0.17169040E+00 -0.82125688E-02  0.21098139E+00 -0.23038154E+001970  0.35194809E-012095  0.35651249E-01
 1990  0.12511408E-04  0.15575097E-01 -0.21593188E-01  0.15495006E+00 -0.88152221E-02  0.21224474E+00 -0.22919580E+001970  0.35695168E-012095  0.36421335E-01
 2000 -0.11817803E-04  0.14410833E-01 -0.20799133E-01  0.14002553E+00 -0.94153132E-02  0.21343604E+00 -0.22806284E+001970  0.36183526E-012095  0.37168464E-01
 2010 -0.34082347E-04  0.13362253E-01 -0.20042038E-01  0.12668955E+00 -0.10011161E-01  0.21456044E+00 -0.22697983E+001970  0.36660376E-012095  0.37893455E-01
 2020 -0.54502036E-04  0.12415284E-01 -0.19319429E-01  0.11474886E+00 -0.10601391E-01  0.21562258E+00 -0.22594416E+001970  0.37126147E-012095  0.38597048E-01
 2030 -0.73266435E-04  0.11557952E-01 -0.18629074E-01  0.10403804E+00 -0.11184884E-01  0.21662671E+00 -0.22495337E+001970  0.37581214E-012095  0.39279923E-01
 2040 -0.90540101E-04  0.10779993E-01 -0.17968953E-01  0.94414756E-01 -0.11760740E-01  0.21757669E+00 -0.22400518E+001970  0.38025915E-012095  0.39942707E-01
 2050 -0.10646670E-03  0.10072551E-01 -0.17337227E-01  0.85755867E-01 -0.12328243E-01  0.21847606E+00 -0.22309746E+001970  0.38460556E-012095  0.40585983E-01
 2060 -0.12117230E-03  0.94279447E-02 -0.16732219E-01  0.77954377E-01 -0.12886833E-01  0.21932808E+00 -0.22222820E+001970  0.38885420E-012095  0.41210300E-01
 2070 -0.13476798E-03  0.88394791E-02 -0.16152394E-01  0.70916918E-01 -0.13436084E-01  0.22013574E+00 -0.22139552E+001970  0.39300772E-012095  0.41816176E-01
 2080 -0.14735205E-03  0.83012928E-02 -0.15596342E-01  0.64561710E-01 -0.13975683E-01  0.22090179E+00 -0.22059766E+001970  0.39706860E-012095  0.42404104E-01
 2090 -0.15901176E-03  0.78082368E-02 -0.15062763E-01  0.58816875E-01 -0.14505412E-01  0.22162879E+00 -0.21983294E+001970  0.40103923E-012095  0.42974554E-01
 2100 -0.16982481E-03  0.73557725E-02 -0.14550460E-01  0.53619043E-01 -0.15025136E-01  0.22231909E+00 -0.21909979E+001970  0.40492191E-012095  0.43527978E-01
 2110 -0.17986059E-03  0.69398877E-02 -0.14058323E-01  0.48912183E-01 -0.15534788E-01  0.22297488E+00 -0.21839671E+001970  0.40871885E-012095  0.44064812E-01
 2120 -0.18918120E-03  0.65570263E-02 -0.13585324E-01  0.44646625E-01 -0.16034359E-01  0.22359817E+00 -0.21772232E+001970  0.41243224E-012095  0.44585478E-01
 2130 -0.19784235E-03  0.62040282E-02 -0.13130505E-01  0.40778236E-01 -0.16523888E-01  0.22419086E+00 -0.21707527E+001970  0.41606418E-012095  0.45090383E-01
 2140 -0.20589405E-03  0.58780793E-02 -0.12692978E-01  0.37267714E-01 -0.17003457E-01  0.22475469E+00 -0.21645430E+001970  0.41961677E-012095  0.45579925E-01
 2150 -0.21338133E-03  0.55766677E-02 -0.12271911E-01  0.34079993E-01 -0.17473179E-01  0.22529130E+00 -0.21585822E+001970  0.42309205E-012095  0.46054489E-01
 2160 -0.22034469E-03  0.52975469E-02 -0.11866527E-01  0.31183726E-01 -0.17933197E-01  0.22580220E+00 -0.21528589E+001970  0.42649204E-012095  0.46514452E-01
 2170 -0.22682065E-03  0.50387045E-02 -0.11476101E-01  0.28550846E-01 -0.18383675E-01  0.22628883E+00 -0.21473625E+001970  0.42981874E-012095  0.46960181E-01
 2180 -0.23284213E-03  0.47983340E-02 -0.11099949E-01  0.26156185E-01 -0.18824798E-01  0.22675251E+00 -0.21420826E+001970  0.43307411E-012095  0.47392034E-01
 2190 -0.23843878E-03  0.45748119E-02 -0.10737433E-01  0.23977142E-01 -0.19256762E-01  0.22719447E+00 -0.21370096E+001970  0.43626008E-012095  0.47810361E-01
 2200 -0.24363737E-03  0.43666768E-02 -0.10387949E-01  0.21993393E-01 -0.19679775E-01  0.22761590E+00 -0.21321341E+001970  0.43937856E-012095  0.48215505E-01
 2210 -0.24846200E-03  0.41726114E-02 -0.10050931E-01  0.20186645E-01 -0.20094055E-01  0.22801787E+00 -0.21274475E+001970  0.44243145E-012095  0.48607799E-01
 2220 -0.25293443E-03  0.39914272E-02 -0.97258427E-02  0.18540412E-01 -0.20499822E-01  0.22840142E+00 -0.21229414E+001970  0.44542059E-012095  0.48987571E-01
 2230 -0.25707426E-03  0.38220503E-02 -0.94121792E-02  0.17039820E-01 -0.20897303E-01  0.22876750E+00 -0.21186077E+001970  0.44834781E-012095  0.49355141E-01
 2240 -0.26089916E-03  0.36635098E-02 -0.91094623E-02  0.15671442E-01 -0.21286724E-01  0.22911702E+00 -0.21144388E+001970  0.45121492E-012095  0.49710821E-01
 2250 -0.26442508E-03  0.35149265E-02 -0.88172397E-02  0.14423145E-01 -0.21668314E-01  0.22945084E+00 -0.21104276E+001970  0.45402367E-012095  0.50054919E-01
 2260 -0.26766640E-03  0.33755037E-02 -0.85350825E-02  0.13283956E-01 -0.22042298E-01  0.22976975E+00 -0.21065671E+001970  0.45677580E-012095  0.50387732E-01
 2270 -0.27063612E-03  0.32445189E-02 -0.82625838E-02  0.12243944E-01 -0.22408902E-01  0.23007451E+00 -0.21028508E+001970  0.45947302E-012095  0.50709554E-01
 2280 -0.27334600E-03  0.31213160E-02 -0.79993572E-02  0.11294118E-01 -0.22768345E-01  0.23036583E+00 -0.20992722E+001970  0.46211699E-012095  0.51020672E-01
 2290 -0.27580668E-03  0.30052984E-02 -0.77450355E-02  0.10426330E-01 -0.23120846E-01  0.23064439E+00 -0.20958254E+001970  0.46470936E-012095  0.51321365E-01
 2300 -0.27802785E-03  0.28959238E-02 -0.74992693E-02  0.96331949E-02 -0.23466618E-01  0.23091083E+00 -0.20925047E+001970  0.46725172E-012095  0.51611908E-01
 2310 -0.28001831E-03  0.27926977E-02 -0.72617259E-02  0.89080138E-02 -0.23805868E-01  0.23116574E+00 -0.20893045E+001970  0.46974565E-012095  0.51892568E-01
 2320 -0.28178612E-03  0.26951697E-02 -0.70320883E-02  0.82447076E-02 -0.24138800E-01  0.23140969E+00 -0.20862196E+001970  0.47219267E-012053  0.51985150E-01
 2330 -0.28333869E-03  0.26029285E-02 -0.68100544E-02  0.76377582E-02 -0.24465611E-01  0.23164323E+00 -0.20832450E+001970  0.47459429E-012053  0.52037997E-01
 2340 -0.28468284E-03  0.25155985E-02 -0.65953355E-02  0.70821539E-02 -0.24786492E-01  0.23186686E+00 -0.20803759E+001970  0.47695196E-012053  0.52089749E-01
 2350 -0.28582495E-03  0.24328360E-02 -0.63876564E-02  0.65733417E-02 -0.25101630E-01  0.23208107E+00 -0.20776076E+001970  0.47926711E-012053  0.52140423E-01
 2360 -0.28677094E-03  0.23543265E-02 -0.61867539E-02  0.61071840E-02 -0.25411203E-01  0.23228632E+00 -0.20749358E+001970  0.48154114E-012053  0.52190037E-01
 2370 -0.28752642E-03  0.22797816E-02 -0.59923766E-02  0.56799189E-02 -0.25715387E-01  0.23248304E+00 -0.20723563E+001970  0.48377540E-012053  0.52238606E-01
 2380 -0.28809673E-03  0.22089369E-02 -0.58042839E-02  0.52881258E-02 -0.26014349E-01  0.23267165E+00 -0.20698649E+001970  0.48597121E-012053  0.52286142E-01
 2390 -0.28848697E-03  0.21415494E-02 -0.56222457E-02  0.49286929E-02 -0.26308250E-01  0.23285253E+00 -0.20674580E+001970  0.48812986E-012053  0.52332660E-01
 2400 -0.28870209E-03  0.20773958E-02 -0.54460416E-02  0.45987891E-02 -0.26597246E-01  0.23302607E+00 -0.20651316E+001970  0.49025259E-012053  0.52378169E-01
 2410 -0.28874690E-03  0.20162706E-02 -0.52754607E-02  0.42958375E-02 -0.26881488E-01  0.23319262E+00 -0.20628824E+001970  0.49234062E-012053  0.52422682E-01
 2420 -0.28862615E-03  0.19579843E-02 -0.51103008E-02  0.40174925E-02 -0.27161120E-01  0.23335251E+00 -0.20607069E+001970  0.49439513E-012053  0.52466209E-01
 2430 -0.28834453E-03  0.19023623E-02 -0.49503681E-02  0.37616182E-02 -0.27436280E-01  0.23350607E+00 -0.20586018E+001970  0.49641727E-012053  0.52508759E-01
 2440 -0.28790672E-03  0.18492433E-02 -0.47954771E-02  0.35262692E-02 -0.27707102E-01  0.23365361E+00 -0.20565641E+001970  0.49840814E-012053  0.52550342E-01
 2450 -0.28731742E-03  0.17984783E-02 -0.46454495E-02  0.33096737E-02 -0.27973715E-01  0.23379540E+00 -0.20545907E+001970  0.50036884E-012053  0.52590969E-01
 2460 -0.28658136E-03  0.17499294E-02 -0.45001146E-02  0.31102169E-02 -0.28236240E-01  0.23393174E+00 -0.20526789E+001970  0.50230041E-012053  0.52630648E-01
 2470 -0.28570332E-03  0.17034687E-02 -0.43593084E-02  0.29264277E-02 -0.28494796E-01  0.23406289E+00 -0.20508257E+001970  0.50420386E-012053  0.52669390E-01
 2480 -0.28468816E-03  0.16589777E-02 -0.42228738E-02  0.27569647E-02 -0.28749496E-01  0.23418909E+00 -0.20490287E+001970  0.50608017E-012053  0.52707204E-01
 2490 -0.28354078E-03  0.16163465E-02 -0.40906597E-02  0.26006054E-02 -0.29000447E-01  0.23431058E+00 -0.20472854E+001970  0.50793029E-012053  0.52744100E-01
 2500 -0.28226620E-03  0.15754727E-02 -0.39625212E-02  0.24562349E-02 -0.29247754E-01  0.23442761E+00 -0.20455932E+001970  0.50975516E-012053  0.52780088E-01
 2510 -0.28086949E-03  0.15362612E-02 -0.38383192E-02  0.23228363E-02 -0.29491516E-01  0.23454037E+00 -0.20439500E+001970  0.51155565E-012053  0.52815179E-01
 2520 -0.27935580E-03  0.14986231E-02 -0.37179200E-02  0.21994823E-02 -0.29731828E-01  0.23464908E+00 -0.20423534E+001970  0.51333262E-012053  0.52849383E-01
